0 0 0.1 1 0
0 0 0.2 1 0
0 0 0.3 1 0
0 0 0.4 1 0
0 0 0.5 1 0
0 0 0.6 1 0
0 0 0.7 1 0
0 0 0.8 1 0
0 0 0.9 1 0
0 0 1 1 -nan
0 0 1.1 0.909091 -nan
0 0 1.2 0.833333 4.21468e-07
0 0 1.3 0.769231 -nan
0 0 1.4 0.714286 0
0 0 1.5 0.666667 -nan
0 0 1.6 0.625 6.88255e-07
0 0 1.7 0.588235 4.222e-07
0 0 1.8 0.555556 -nan
0 0 1.9 0.526316 -nan
0 0 2 0.5 0
0 0.1 0.1 1 0
0 0.1 0.2 1 0
0 0.1 0.3 1 0
0 0.1 0.4 1 0
0 0.1 0.5 1 0
0 0.1 0.6 1 0
0 0.1 0.7 1 0
0 0.1 0.8 1 0
0 0.1 0.9 1 0
0 0.1 1 1 -nan
0 0.1 1.1 0.909091 -nan
0 0.1 1.2 0.833333 4.21468e-07
0 0.1 1.3 0.769231 -nan
0 0.1 1.4 0.714286 0
0 0.1 1.5 0.666667 -nan
0 0.1 1.6 0.625 6.88255e-07
0 0.1 1.7 0.588235 4.222e-07
0 0.1 1.8 0.555556 -nan
0 0.1 1.9 0.526316 -nan
0 0.1 2 0.5 0
0 0.2 0.1 1 0
0 0.2 0.2 1 0
0 0.2 0.3 1 0
0 0.2 0.4 1 0
0 0.2 0.5 1 0
0 0.2 0.6 1 0
0 0.2 0.7 1 0
0 0.2 0.8 1 0
0 0.2 0.9 1 0
0 0.2 1 1 -nan
0 0.2 1.1 0.909091 -nan
0 0.2 1.2 0.833333 4.21468e-07
0 0.2 1.3 0.769231 -nan
0 0.2 1.4 0.714286 0
0 0.2 1.5 0.666667 -nan
0 0.2 1.6 0.625 6.88255e-07
0 0.2 1.7 0.588235 4.222e-07
0 0.2 1.8 0.555556 -nan
0 0.2 1.9 0.526316 -nan
0 0.2 2 0.5 0
0 0.3 0.1 1 0
0 0.3 0.2 1 0
0 0.3 0.3 1 0
0 0.3 0.4 1 0
0 0.3 0.5 1 0
0 0.3 0.6 1 0
0 0.3 0.7 1 0
0 0.3 0.8 1 0
0 0.3 0.9 1 0
0 0.3 1 1 -nan
0 0.3 1.1 0.909091 -nan
0 0.3 1.2 0.833333 4.21468e-07
0 0.3 1.3 0.769231 -nan
0 0.3 1.4 0.714286 0
0 0.3 1.5 0.666667 -nan
0 0.3 1.6 0.625 6.88255e-07
0 0.3 1.7 0.588235 4.222e-07
0 0.3 1.8 0.555556 -nan
0 0.3 1.9 0.526316 -nan
0 0.3 2 0.5 0
0 0.4 0.1 1 0
0 0.4 0.2 1 0
0 0.4 0.3 1 0
0 0.4 0.4 1 0
0 0.4 0.5 1 0
0 0.4 0.6 1 0
0 0.4 0.7 1 0
0 0.4 0.8 1 0
0 0.4 0.9 1 0
0 0.4 1 1 -nan
0 0.4 1.1 0.909091 -nan
0 0.4 1.2 0.833333 4.21468e-07
0 0.4 1.3 0.769231 -nan
0 0.4 1.4 0.714286 0
0 0.4 1.5 0.666667 -nan
0 0.4 1.6 0.625 6.88255e-07
0 0.4 1.7 0.588235 4.222e-07
0 0.4 1.8 0.555556 -nan
0 0.4 1.9 0.526316 -nan
0 0.4 2 0.5 0
0 0.5 0.1 1 0
0 0.5 0.2 1 0
0 0.5 0.3 1 0
0 0.5 0.4 1 0
0 0.5 0.5 1 0
0 0.5 0.6 1 0
0 0.5 0.7 1 0
0 0.5 0.8 1 0
0 0.5 0.9 1 0
0 0.5 1 1 -nan
0 0.5 1.1 0.909091 -nan
0 0.5 1.2 0.833333 4.21468e-07
0 0.5 1.3 0.769231 -nan
0 0.5 1.4 0.714286 0
0 0.5 1.5 0.666667 -nan
0 0.5 1.6 0.625 6.88255e-07
0 0.5 1.7 0.588235 4.222e-07
0 0.5 1.8 0.555556 -nan
0 0.5 1.9 0.526316 -nan
0 0.5 2 0.5 0
0 0.6 0.1 1 0
0 0.6 0.2 1 0
0 0.6 0.3 1 0
0 0.6 0.4 1 0
0 0.6 0.5 1 0
0 0.6 0.6 1 0
0 0.6 0.7 1 0
0 0.6 0.8 1 0
0 0.6 0.9 1 0
0 0.6 1 1 -nan
0 0.6 1.1 0.909091 -nan
0 0.6 1.2 0.833333 4.21468e-07
0 0.6 1.3 0.769231 -nan
0 0.6 1.4 0.714286 0
0 0.6 1.5 0.666667 -nan
0 0.6 1.6 0.625 6.88255e-07
0 0.6 1.7 0.588235 4.222e-07
0 0.6 1.8 0.555556 -nan
0 0.6 1.9 0.526316 -nan
0 0.6 2 0.5 0
0 0.7 0.1 1 0
0 0.7 0.2 1 0
0 0.7 0.3 1 0
0 0.7 0.4 1 0
0 0.7 0.5 1 0
0 0.7 0.6 1 0
0 0.7 0.7 1 0
0 0.7 0.8 1 0
0 0.7 0.9 1 0
0 0.7 1 1 -nan
0 0.7 1.1 0.909091 -nan
0 0.7 1.2 0.833333 4.21468e-07
0 0.7 1.3 0.769231 -nan
0 0.7 1.4 0.714286 0
0 0.7 1.5 0.666667 -nan
0 0.7 1.6 0.625 6.88255e-07
0 0.7 1.7 0.588235 4.222e-07
0 0.7 1.8 0.555556 -nan
0 0.7 1.9 0.526316 -nan
0 0.7 2 0.5 0
0 0.8 0.1 1 0
0 0.8 0.2 1 0
0 0.8 0.3 1 0
0 0.8 0.4 1 0
0 0.8 0.5 1 0
0 0.8 0.6 1 0
0 0.8 0.7 1 0
0 0.8 0.8 1 0
0 0.8 0.9 1 0
0 0.8 1 1 -nan
0 0.8 1.1 0.909091 -nan
0 0.8 1.2 0.833333 4.21468e-07
0 0.8 1.3 0.769231 -nan
0 0.8 1.4 0.714286 0
0 0.8 1.5 0.666667 -nan
0 0.8 1.6 0.625 6.88255e-07
0 0.8 1.7 0.588235 4.222e-07
0 0.8 1.8 0.555556 -nan
0 0.8 1.9 0.526316 -nan
0 0.8 2 0.5 0
0 0.9 0.1 1 0
0 0.9 0.2 1 0
0 0.9 0.3 1 0
0 0.9 0.4 1 0
0 0.9 0.5 1 0
0 0.9 0.6 1 0
0 0.9 0.7 1 0
0 0.9 0.8 1 0
0 0.9 0.9 1 0
0 0.9 1 1 -nan
0 0.9 1.1 0.909091 -nan
0 0.9 1.2 0.833333 4.21468e-07
0 0.9 1.3 0.769231 -nan
0 0.9 1.4 0.714286 0
0 0.9 1.5 0.666667 -nan
0 0.9 1.6 0.625 6.88255e-07
0 0.9 1.7 0.588235 4.222e-07
0 0.9 1.8 0.555556 -nan
0 0.9 1.9 0.526316 -nan
0 0.9 2 0.5 0
0 1 0.1 1 0
0 1 0.2 1 0
0 1 0.3 1 0
0 1 0.4 1 0
0 1 0.5 1 0
0 1 0.6 1 0
0 1 0.7 1 0
0 1 0.8 1 0
0 1 0.9 1 0
0 1 1 1 -nan
0 1 1.1 0.909091 -nan
0 1 1.2 0.833333 4.21468e-07
0 1 1.3 0.769231 -nan
0 1 1.4 0.714286 0
0 1 1.5 0.666667 -nan
0 1 1.6 0.625 6.88255e-07
0 1 1.7 0.588235 4.222e-07
0 1 1.8 0.555556 -nan
0 1 1.9 0.526316 -nan
0 1 2 0.5 0
0.1 0 0.1 1 0
0.1 0 0.2 1 0
0.1 0 0.3 1 0
0.1 0 0.4 1 0
0.1 0 0.5 1 0
0.1 0 0.6 1 0
0.1 0 0.7 1 0
0.1 0 0.8 1 0
0.1 0 0.9 1 0
0.1 0 1 1 -nan
0.1 0 1.1 0.909091 -nan
0.1 0 1.2 0.833333 4.21468e-07
0.1 0 1.3 0.769231 -nan
0.1 0 1.4 0.714286 0
0.1 0 1.5 0.666667 -nan
0.1 0 1.6 0.625 6.88255e-07
0.1 0 1.7 0.588235 4.222e-07
0.1 0 1.8 0.555556 -nan
0.1 0 1.9 0.526316 -nan
0.1 0 2 0.5 0
0.1 0.1 0.1 1 0
0.1 0.1 0.2 1 0
0.1 0.1 0.3 1 0
0.1 0.1 0.4 1 0
0.1 0.1 0.5 1 0
0.1 0.1 0.6 1 0
0.1 0.1 0.7 1 0
0.1 0.1 0.8 1 0
0.1 0.1 0.9 1 0
0.1 0.1 1 1 0
0.1 0.1 1.1 0.998144 0.126449
0.1 0.1 1.2 0.971307 1.15298
0.1 0.1 1.3 0.939256 2.24321
0.1 0.1 1.4 0.908529 3.18961
0.1 0.1 1.5 0.875195 3.93003
0.1 0.1 1.6 0.846029 4.68379
0.1 0.1 1.7 0.820293 5.42339
0.1 0.1 1.8 0.797418 6.13791
0.1 0.1 1.9 0.77695 6.8233
0.1 0.1 2 0.758529 7.47851
0.1 0.2 0.1 1 0
0.1 0.2 0.2 1 0
0.1 0.2 0.3 1 0
0.1 0.2 0.4 1 0
0.1 0.2 0.5 1 0
0.1 0.2 0.6 1 0
0.1 0.2 0.7 1 0
0.1 0.2 0.8 1 0
0.1 0.2 0.9 1 0
0.1 0.2 1 1 0
0.1 0.2 1.1 0.998144 0.126449
0.1 0.2 1.2 0.971348 1.15324
0.1 0.2 1.3 0.939297 2.24254
0.1 0.2 1.4 0.909136 3.20439
0.1 0.2 1.5 0.875803 3.93892
0.1 0.2 1.6 0.846636 4.68836
0.1 0.2 1.7 0.820901 5.42462
0.1 0.2 1.8 0.798025 6.13645
0.1 0.2 1.9 0.777557 6.81957
0.1 0.2 2 0.759136 7.47283
0.1 0.3 0.1 1 0
0.1 0.3 0.2 1 0
0.1 0.3 0.3 1 0
0.1 0.3 0.4 1 0
0.1 0.3 0.5 1 0
0.1 0.3 0.6 1 0
0.1 0.3 0.7 1 0
0.1 0.3 0.8 1 0
0.1 0.3 0.9 1 0
0.1 0.3 1 1 0
0.1 0.3 1.1 0.998144 0.126449
0.1 0.3 1.2 0.971348 1.15324
0.1 0.3 1.3 0.939297 2.24254
0.1 0.3 1.4 0.909058 3.20215
0.1 0.3 1.5 0.875725 3.93748
0.1 0.3 1.6 0.846558 4.6875
0.1 0.3 1.7 0.820823 5.42421
0.1 0.3 1.8 0.797947 6.13641
0.1 0.3 1.9 0.777479 6.81983
0.1 0.3 2 0.759058 7.47335
0.1 0.4 0.1 1 0
0.1 0.4 0.2 1 0
0.1 0.4 0.3 1 0
0.1 0.4 0.4 1 0
0.1 0.4 0.5 1 0
0.1 0.4 0.6 1 0
0.1 0.4 0.7 1 0
0.1 0.4 0.8 1 0
0.1 0.4 0.9 1 0
0.1 0.4 1 1 0
0.1 0.4 1.1 0.998144 0.126449
0.1 0.4 1.2 0.971348 1.15324
0.1 0.4 1.3 0.939297 2.24254
0.1 0.4 1.4 0.909039 3.2016
0.1 0.4 1.5 0.875705 3.93712
0.1 0.4 1.6 0.846539 4.68729
0.1 0.4 1.7 0.820803 5.42411
0.1 0.4 1.8 0.797927 6.1364
0.1 0.4 1.9 0.77746 6.8199
0.1 0.4 2 0.759039 7.47348
0.1 0.5 0.1 1 0
0.1 0.5 0.2 1 0
0.1 0.5 0.3 1 0
0.1 0.5 0.4 1 0
0.1 0.5 0.5 1 0
0.1 0.5 0.6 1 0
0.1 0.5 0.7 1 0
0.1 0.5 0.8 1 0
0.1 0.5 0.9 1 0
0.1 0.5 1 1 0
0.1 0.5 1.1 0.998144 0.126449
0.1 0.5 1.2 0.971348 1.15324
0.1 0.5 1.3 0.939297 2.24254
0.1 0.5 1.4 0.908882 3.19719
0.1 0.5 1.5 0.875549 3.9343
0.1 0.5 1.6 0.846382 4.68563
0.1 0.5 1.7 0.820647 5.42336
0.1 0.5 1.8 0.797771 6.13636
0.1 0.5 1.9 0.777303 6.82046
0.1 0.5 2 0.758882 7.47457
0.1 0.6 0.1 1 0
0.1 0.6 0.2 1 0
0.1 0.6 0.3 1 0
0.1 0.6 0.4 1 0
0.1 0.6 0.5 1 0
0.1 0.6 0.6 1 0
0.1 0.6 0.7 1 0
0.1 0.6 0.8 1 0
0.1 0.6 0.9 1 0
0.1 0.6 1 1 0
0.1 0.6 1.1 0.998144 0.126449
0.1 0.6 1.2 0.971348 1.15324
0.1 0.6 1.3 0.939297 2.24254
0.1 0.6 1.4 0.908843 3.1961
0.1 0.6 1.5 0.87551 3.93361
0.1 0.6 1.6 0.846343 4.68523
0.1 0.6 1.7 0.820608 5.42318
0.1 0.6 1.8 0.797732 6.13636
0.1 0.6 1.9 0.777264 6.82062
0.1 0.6 2 0.758843 7.47485
0.1 0.7 0.1 1 0
0.1 0.7 0.2 1 0
0.1 0.7 0.3 1 0
0.1 0.7 0.4 1 0
0.1 0.7 0.5 1 0
0.1 0.7 0.6 1 0
0.1 0.7 0.7 1 0
0.1 0.7 0.8 1 0
0.1 0.7 0.9 1 0
0.1 0.7 1 1 0
0.1 0.7 1.1 0.998144 0.126449
0.1 0.7 1.2 0.971348 1.15324
0.1 0.7 1.3 0.939297 2.24254
0.1 0.7 1.4 0.908804 3.19501
0.1 0.7 1.5 0.875471 3.93292
0.1 0.7 1.6 0.846304 4.68483
0.1 0.7 1.7 0.820569 5.423
0.1 0.7 1.8 0.797693 6.13637
0.1 0.7 1.9 0.777225 6.82077
0.1 0.7 2 0.758804 7.47513
0.1 0.8 0.1 1 0
0.1 0.8 0.2 1 0
0.1 0.8 0.3 1 0
0.1 0.8 0.4 1 0
0.1 0.8 0.5 1 0
0.1 0.8 0.6 1 0
0.1 0.8 0.7 1 0
0.1 0.8 0.8 1 0
0.1 0.8 0.9 1 0
0.1 0.8 1 1 0
0.1 0.8 1.1 0.998144 0.126449
0.1 0.8 1.2 0.971348 1.15324
0.1 0.8 1.3 0.939297 2.24254
0.1 0.8 1.4 0.908706 3.19233
0.1 0.8 1.5 0.875373 3.93122
0.1 0.8 1.6 0.846206 4.68386
0.1 0.8 1.7 0.820471 5.42258
0.1 0.8 1.8 0.797595 6.1364
0.1 0.8 1.9 0.777127 6.82117
0.1 0.8 2 0.758706 7.47586
0.1 0.9 0.1 1 0
0.1 0.9 0.2 1 0
0.1 0.9 0.3 1 0
0.1 0.9 0.4 1 0
0.1 0.9 0.5 1 0
0.1 0.9 0.6 1 0
0.1 0.9 0.7 1 0
0.1 0.9 0.8 1 0
0.1 0.9 0.9 1 0
0.1 0.9 1 1 0
0.1 0.9 1.1 0.998144 0.126449
0.1 0.9 1.2 0.971348 1.15324
0.1 0.9 1.3 0.939297 2.24254
0.1 0.9 1.4 0.908648 3.19073
0.1 0.9 1.5 0.875314 3.93022
0.1 0.9 1.6 0.846148 4.68329
0.1 0.9 1.7 0.820412 5.42235
0.1 0.9 1.8 0.797537 6.13642
0.1 0.9 1.9 0.777069 6.82143
0.1 0.9 2 0.758648 7.47631
0.1 1 0.1 1 0
0.1 1 0.2 1 0
0.1 1 0.3 1 0
0.1 1 0.4 1 0
0.1 1 0.5 1 0
0.1 1 0.6 1 0
0.1 1 0.7 1 0
0.1 1 0.8 1 0
0.1 1 0.9 1 0
0.1 1 1 1 0
0.1 1 1.1 0.998144 0.126449
0.1 1 1.2 0.971348 1.15324
0.1 1 1.3 0.939297 2.24254
0.1 1 1.4 0.909214 3.20666
0.1 1 1.5 0.875881 3.94039
0.1 1 1.6 0.846714 4.68923
0.1 1 1.7 0.820979 5.42504
0.1 1 1.8 0.798103 6.13651
0.1 1 1.9 0.777636 6.81933
0.1 1 2 0.759214 7.47232
0.2 0 0.1 1 0
0.2 0 0.2 1 0
0.2 0 0.3 1 0
0.2 0 0.4 1 0
0.2 0 0.5 1 0
0.2 0 0.6 1 0
0.2 0 0.7 1 0
0.2 0 0.8 1 0
0.2 0 0.9 1 0
0.2 0 1 1 -nan
0.2 0 1.1 0.909091 -nan
0.2 0 1.2 0.833333 4.21468e-07
0.2 0 1.3 0.769231 -nan
0.2 0 1.4 0.714286 0
0.2 0 1.5 0.666667 -nan
0.2 0 1.6 0.625 6.88255e-07
0.2 0 1.7 0.588235 4.222e-07
0.2 0 1.8 0.555556 -nan
0.2 0 1.9 0.526316 -nan
0.2 0 2 0.5 0
0.2 0.1 0.1 1 0
0.2 0.1 0.2 1 0
0.2 0.1 0.3 1 0
0.2 0.1 0.4 1 0
0.2 0.1 0.5 1 0
0.2 0.1 0.6 1 0
0.2 0.1 0.7 1 0
0.2 0.1 0.8 1 0
0.2 0.1 0.9 1 0
0.2 0.1 1 1 0
0.2 0.1 1.1 1 0
0.2 0.1 1.2 0.999991 0.000895584
0.2 0.1 1.3 0.990292 0.674781
0.2 0.1 1.4 0.973809 1.44522
0.2 0.1 1.5 0.956656 2.16109
0.2 0.1 1.6 0.93999 2.8437
0.2 0.1 1.7 0.923454 3.45458
0.2 0.1 1.8 0.907115 4.01326
0.2 0.1 1.9 0.892495 4.55246
0.2 0.1 2 0.879337 5.06595
0.2 0.2 0.1 1 0
0.2 0.2 0.2 1 0
0.2 0.2 0.3 1 0
0.2 0.2 0.4 1 0
0.2 0.2 0.5 1 0
0.2 0.2 0.6 1 0
0.2 0.2 0.7 1 0
0.2 0.2 0.8 1 0
0.2 0.2 0.9 1 0
0.2 0.2 1 1 0
0.2 0.2 1.1 1 0
0.2 0.2 1.2 0.999991 0.000895584
0.2 0.2 1.3 0.990333 0.673463
0.2 0.2 1.4 0.973849 1.44327
0.2 0.2 1.5 0.956697 2.15899
0.2 0.2 1.6 0.94003 2.84154
0.2 0.2 1.7 0.924062 3.46322
0.2 0.2 1.8 0.907722 4.01698
0.2 0.2 1.9 0.893102 4.55248
0.2 0.2 2 0.879944 5.06307
0.2 0.3 0.1 1 0
0.2 0.3 0.2 1 0
0.2 0.3 0.3 1 0
0.2 0.3 0.4 1 0
0.2 0.3 0.5 1 0
0.2 0.3 0.6 1 0
0.2 0.3 0.7 1 0
0.2 0.3 0.8 1 0
0.2 0.3 0.9 1 0
0.2 0.3 1 1 0
0.2 0.3 1.1 1 0
0.2 0.3 1.2 0.999991 0.000895584
0.2 0.3 1.3 0.990333 0.673463
0.2 0.3 1.4 0.973849 1.44327
0.2 0.3 1.5 0.956574 2.15829
0.2 0.3 1.6 0.939908 2.8425
0.2 0.3 1.7 0.923861 3.46359
0.2 0.3 1.8 0.907521 4.01863
0.2 0.3 1.9 0.892901 4.55509
0.2 0.3 2 0.879743 5.06645
0.2 0.4 0.1 1 0
0.2 0.4 0.2 1 0
0.2 0.4 0.3 1 0
0.2 0.4 0.4 1 0
0.2 0.4 0.5 1 0
0.2 0.4 0.6 1 0
0.2 0.4 0.7 1 0
0.2 0.4 0.8 1 0
0.2 0.4 0.9 1 0
0.2 0.4 1 1 0
0.2 0.4 1.1 1 0
0.2 0.4 1.2 0.999991 0.000895584
0.2 0.4 1.3 0.990333 0.673463
0.2 0.4 1.4 0.973849 1.44327
0.2 0.4 1.5 0.956482 2.15782
0.2 0.4 1.6 0.939816 2.84327
0.2 0.4 1.7 0.923749 3.46468
0.2 0.4 1.8 0.90741 4.02033
0.2 0.4 1.9 0.89279 4.55727
0.2 0.4 2 0.879632 5.06899
0.2 0.5 0.1 1 0
0.2 0.5 0.2 1 0
0.2 0.5 0.3 1 0
0.2 0.5 0.4 1 0
0.2 0.5 0.5 1 0
0.2 0.5 0.6 1 0
0.2 0.5 0.7 1 0
0.2 0.5 0.8 1 0
0.2 0.5 0.9 1 0
0.2 0.5 1 1 0
0.2 0.5 1.1 1 0
0.2 0.5 1.2 0.999991 0.000895584
0.2 0.5 1.3 0.990333 0.673463
0.2 0.5 1.4 0.973849 1.44327
0.2 0.5 1.5 0.956359 2.15725
0.2 0.5 1.6 0.939693 2.84434
0.2 0.5 1.7 0.92347 3.46362
0.2 0.5 1.8 0.90713 4.02122
0.2 0.5 1.9 0.89251 4.55963
0.2 0.5 2 0.879353 5.07251
0.2 0.6 0.1 1 0
0.2 0.6 0.2 1 0
0.2 0.6 0.3 1 0
0.2 0.6 0.4 1 0
0.2 0.6 0.5 1 0
0.2 0.6 0.6 1 0
0.2 0.6 0.7 1 0
0.2 0.6 0.8 1 0
0.2 0.6 0.9 1 0
0.2 0.6 1 1 0
0.2 0.6 1.1 1 0
0.2 0.6 1.2 0.999991 0.000895584
0.2 0.6 1.3 0.990333 0.673463
0.2 0.6 1.4 0.973849 1.44327
0.2 0.6 1.5 0.956236 2.15677
0.2 0.6 1.6 0.93957 2.84547
0.2 0.6 1.7 0.923308 3.46492
0.2 0.6 1.8 0.906968 4.02345
0.2 0.6 1.9 0.892348 4.56255
0.2 0.6 2 0.879191 5.07599
0.2 0.7 0.1 1 0
0.2 0.7 0.2 1 0
0.2 0.7 0.3 1 0
0.2 0.7 0.4 1 0
0.2 0.7 0.5 1 0
0.2 0.7 0.6 1 0
0.2 0.7 0.7 1 0
0.2 0.7 0.8 1 0
0.2 0.7 0.9 1 0
0.2 0.7 1 1 0
0.2 0.7 1.1 1 0
0.2 0.7 1.2 0.999991 0.000895584
0.2 0.7 1.3 0.990333 0.673463
0.2 0.7 1.4 0.973849 1.44327
0.2 0.7 1.5 0.956697 2.15899
0.2 0.7 1.6 0.94003 2.84154
0.2 0.7 1.7 0.92373 3.45674
0.2 0.7 1.8 0.90739 4.01337
0.2 0.7 1.9 0.89277 4.55104
0.2 0.7 2 0.879612 5.06332
0.2 0.8 0.1 1 0
0.2 0.8 0.2 1 0
0.2 0.8 0.3 1 0
0.2 0.8 0.4 1 0
0.2 0.8 0.5 1 0
0.2 0.8 0.6 1 0
0.2 0.8 0.7 1 0
0.2 0.8 0.8 1 0
0.2 0.8 0.9 1 0
0.2 0.8 1 1 0
0.2 0.8 1.1 1 0
0.2 0.8 1.2 0.999991 0.000895584
0.2 0.8 1.3 0.990333 0.673463
0.2 0.8 1.4 0.973849 1.44327
0.2 0.8 1.5 0.956697 2.15899
0.2 0.8 1.6 0.94003 2.84154
0.2 0.8 1.7 0.923632 3.4549
0.2 0.8 1.8 0.907292 4.01237
0.2 0.8 1.9 0.892672 4.55067
0.2 0.8 2 0.879514 5.06344
0.2 0.9 0.1 1 0
0.2 0.9 0.2 1 0
0.2 0.9 0.3 1 0
0.2 0.9 0.4 1 0
0.2 0.9 0.5 1 0
0.2 0.9 0.6 1 0
0.2 0.9 0.7 1 0
0.2 0.9 0.8 1 0
0.2 0.9 0.9 1 0
0.2 0.9 1 1 0
0.2 0.9 1.1 1 0
0.2 0.9 1.2 0.999991 0.000895584
0.2 0.9 1.3 0.990333 0.673463
0.2 0.9 1.4 0.973849 1.44327
0.2 0.9 1.5 0.956697 2.15899
0.2 0.9 1.6 0.94003 2.84154
0.2 0.9 1.7 0.923573 3.45381
0.2 0.9 1.8 0.907234 4.01179
0.2 0.9 1.9 0.892614 4.55046
0.2 0.9 2 0.879456 5.06353
0.2 1 0.1 1 0
0.2 1 0.2 1 0
0.2 1 0.3 1 0
0.2 1 0.4 1 0
0.2 1 0.5 1 0
0.2 1 0.6 1 0
0.2 1 0.7 1 0
0.2 1 0.8 1 0
0.2 1 0.9 1 0
0.2 1 1 1 0
0.2 1 1.1 1 0
0.2 1 1.2 0.999991 0.000895584
0.2 1 1.3 0.990333 0.673463
0.2 1 1.4 0.973849 1.44327
0.2 1 1.5 0.956697 2.15899
0.2 1 1.6 0.94003 2.84154
0.2 1 1.7 0.92414 3.4648
0.2 1 1.8 0.9078 4.01788
0.2 1 1.9 0.893181 4.55287
0.2 1 2 0.880023 5.06306
0.3 0 0.1 1 0
0.3 0 0.2 1 0
0.3 0 0.3 1 0
0.3 0 0.4 1 0
0.3 0 0.5 1 0
0.3 0 0.6 1 0
0.3 0 0.7 1 0
0.3 0 0.8 1 0
0.3 0 0.9 1 0
0.3 0 1 1 -nan
0.3 0 1.1 0.909091 -nan
0.3 0 1.2 0.833333 4.21468e-07
0.3 0 1.3 0.769231 -nan
0.3 0 1.4 0.714286 0
0.3 0 1.5 0.666667 -nan
0.3 0 1.6 0.625 6.88255e-07
0.3 0 1.7 0.588235 4.222e-07
0.3 0 1.8 0.555556 -nan
0.3 0 1.9 0.526316 -nan
0.3 0 2 0.5 0
0.3 0.1 0.1 1 0
0.3 0.1 0.2 1 0
0.3 0.1 0.3 1 0
0.3 0.1 0.4 1 0
0.3 0.1 0.5 1 0
0.3 0.1 0.6 1 0
0.3 0.1 0.7 1 0
0.3 0.1 0.8 1 0
0.3 0.1 0.9 1 0
0.3 0.1 1 1 0
0.3 0.1 1.1 1 0
0.3 0.1 1.2 1 0
0.3 0.1 1.3 1 0
0.3 0.1 1.4 0.998081 0.192278
0.3 0.1 1.5 0.993319 0.672593
0.3 0.1 1.6 0.989152 1.09666
0.3 0.1 1.7 0.985476 1.47382
0.3 0.1 1.8 0.98067 1.8036
0.3 0.1 1.9 0.974822 2.12355
0.3 0.1 2 0.969559 2.43773
0.3 0.2 0.1 1 0
0.3 0.2 0.2 1 0
0.3 0.2 0.3 1 0
0.3 0.2 0.4 1 0
0.3 0.2 0.5 1 0
0.3 0.2 0.6 1 0
0.3 0.2 0.7 1 0
0.3 0.2 0.8 1 0
0.3 0.2 0.9 1 0
0.3 0.2 1 1 0
0.3 0.2 1.1 1 0
0.3 0.2 1.2 1 0
0.3 0.2 1.3 1 0
0.3 0.2 1.4 0.999747 0.0253384
0.3 0.2 1.5 0.994985 0.50405
0.3 0.2 1.6 0.990818 0.926698
0.3 0.2 1.7 0.987142 1.30259
0.3 0.2 1.8 0.982316 1.63167
0.3 0.2 1.9 0.976468 1.95394
0.3 0.2 2 0.971204 2.27092
0.3 0.3 0.1 1 0
0.3 0.3 0.2 1 0
0.3 0.3 0.3 1 0
0.3 0.3 0.4 1 0
0.3 0.3 0.5 1 0
0.3 0.3 0.6 1 0
0.3 0.3 0.7 1 0
0.3 0.3 0.8 1 0
0.3 0.3 0.9 1 0
0.3 0.3 1 1 0
0.3 0.3 1.1 1 0
0.3 0.3 1.2 1 0
0.3 0.3 1.3 1 0
0.3 0.3 1.4 0.999747 0.0253384
0.3 0.3 1.5 0.994985 0.50405
0.3 0.3 1.6 0.990818 0.926698
0.3 0.3 1.7 0.987142 1.30259
0.3 0.3 1.8 0.982275 1.63169
0.3 0.3 1.9 0.976427 1.95454
0.3 0.3 2 0.971164 2.27191
0.3 0.4 0.1 1 0
0.3 0.4 0.2 1 0
0.3 0.4 0.3 1 0
0.3 0.4 0.4 1 0
0.3 0.4 0.5 1 0
0.3 0.4 0.6 1 0
0.3 0.4 0.7 1 0
0.3 0.4 0.8 1 0
0.3 0.4 0.9 1 0
0.3 0.4 1 1 0
0.3 0.4 1.1 1 0
0.3 0.4 1.2 1 0
0.3 0.4 1.3 1 0
0.3 0.4 1.4 0.999747 0.0253384
0.3 0.4 1.5 0.994985 0.50405
0.3 0.4 1.6 0.990818 0.926698
0.3 0.4 1.7 0.987142 1.30259
0.3 0.4 1.8 0.982254 1.6317
0.3 0.4 1.9 0.976406 1.95485
0.3 0.4 2 0.971143 2.27241
0.3 0.5 0.1 1 0
0.3 0.5 0.2 1 0
0.3 0.5 0.3 1 0
0.3 0.5 0.4 1 0
0.3 0.5 0.5 1 0
0.3 0.5 0.6 1 0
0.3 0.5 0.7 1 0
0.3 0.5 0.8 1 0
0.3 0.5 0.9 1 0
0.3 0.5 1 1 0
0.3 0.5 1.1 1 0
0.3 0.5 1.2 1 0
0.3 0.5 1.3 1 0
0.3 0.5 1.4 0.999747 0.0253384
0.3 0.5 1.5 0.994985 0.50405
0.3 0.5 1.6 0.990818 0.926698
0.3 0.5 1.7 0.987142 1.30259
0.3 0.5 1.8 0.982091 1.63187
0.3 0.5 1.9 0.976243 1.95737
0.3 0.5 2 0.97098 2.27649
0.3 0.6 0.1 1 0
0.3 0.6 0.2 1 0
0.3 0.6 0.3 1 0
0.3 0.6 0.4 1 0
0.3 0.6 0.5 1 0
0.3 0.6 0.6 1 0
0.3 0.6 0.7 1 0
0.3 0.6 0.8 1 0
0.3 0.6 0.9 1 0
0.3 0.6 1 1 0
0.3 0.6 1.1 1 0
0.3 0.6 1.2 1 0
0.3 0.6 1.3 1 0
0.3 0.6 1.4 0.999747 0.0253384
0.3 0.6 1.5 0.994985 0.50405
0.3 0.6 1.6 0.990818 0.926698
0.3 0.6 1.7 0.987142 1.30259
0.3 0.6 1.8 0.98205 1.63194
0.3 0.6 1.9 0.976202 1.95802
0.3 0.6 2 0.970939 2.27752
0.3 0.7 0.1 1 0
0.3 0.7 0.2 1 0
0.3 0.7 0.3 1 0
0.3 0.7 0.4 1 0
0.3 0.7 0.5 1 0
0.3 0.7 0.6 1 0
0.3 0.7 0.7 1 0
0.3 0.7 0.8 1 0
0.3 0.7 0.9 1 0
0.3 0.7 1 1 0
0.3 0.7 1.1 1 0
0.3 0.7 1.2 1 0
0.3 0.7 1.3 1 0
0.3 0.7 1.4 0.999747 0.0253384
0.3 0.7 1.5 0.994985 0.50405
0.3 0.7 1.6 0.990818 0.926698
0.3 0.7 1.7 0.987142 1.30259
0.3 0.7 1.8 0.982458 1.63171
0.3 0.7 1.9 0.97661 1.95189
0.3 0.7 2 0.971347 2.26749
0.3 0.8 0.1 1 0
0.3 0.8 0.2 1 0
0.3 0.8 0.3 1 0
0.3 0.8 0.4 1 0
0.3 0.8 0.5 1 0
0.3 0.8 0.6 1 0
0.3 0.8 0.7 1 0
0.3 0.8 0.8 1 0
0.3 0.8 0.9 1 0
0.3 0.8 1 1 0
0.3 0.8 1.1 1 0
0.3 0.8 1.2 1 0
0.3 0.8 1.3 1 0
0.3 0.8 1.4 0.999747 0.0253384
0.3 0.8 1.5 0.994985 0.50405
0.3 0.8 1.6 0.990818 0.926698
0.3 0.8 1.7 0.987142 1.30259
0.3 0.8 1.8 0.982458 1.63171
0.3 0.8 1.9 0.97661 1.95189
0.3 0.8 2 0.971347 2.26749
0.3 0.9 0.1 1 0
0.3 0.9 0.2 1 0
0.3 0.9 0.3 1 0
0.3 0.9 0.4 1 0
0.3 0.9 0.5 1 0
0.3 0.9 0.6 1 0
0.3 0.9 0.7 1 0
0.3 0.9 0.8 1 0
0.3 0.9 0.9 1 0
0.3 0.9 1 1 0
0.3 0.9 1.1 1 0
0.3 0.9 1.2 1 0
0.3 0.9 1.3 1 0
0.3 0.9 1.4 0.999747 0.0253384
0.3 0.9 1.5 0.994985 0.50405
0.3 0.9 1.6 0.990818 0.926698
0.3 0.9 1.7 0.987142 1.30259
0.3 0.9 1.8 0.982458 1.63171
0.3 0.9 1.9 0.97661 1.95189
0.3 0.9 2 0.971347 2.26749
0.3 1 0.1 1 0
0.3 1 0.2 1 0
0.3 1 0.3 1 0
0.3 1 0.4 1 0
0.3 1 0.5 1 0
0.3 1 0.6 1 0
0.3 1 0.7 1 0
0.3 1 0.8 1 0
0.3 1 0.9 1 0
0.3 1 1 1 0
0.3 1 1.1 1 0
0.3 1 1.2 1 0
0.3 1 1.3 1 0
0.3 1 1.4 0.999747 0.0253384
0.3 1 1.5 0.994985 0.50405
0.3 1 1.6 0.990818 0.926698
0.3 1 1.7 0.987142 1.30259
0.3 1 1.8 0.982458 1.63171
0.3 1 1.9 0.97661 1.95189
0.3 1 2 0.971347 2.26749
0.4 0 0.1 1 0
0.4 0 0.2 1 0
0.4 0 0.3 1 0
0.4 0 0.4 1 0
0.4 0 0.5 1 0
0.4 0 0.6 1 0
0.4 0 0.7 1 0
0.4 0 0.8 1 0
0.4 0 0.9 1 0
0.4 0 1 1 -nan
0.4 0 1.1 0.909091 -nan
0.4 0 1.2 0.833333 4.21468e-07
0.4 0 1.3 0.769231 -nan
0.4 0 1.4 0.714286 0
0.4 0 1.5 0.666667 -nan
0.4 0 1.6 0.625 6.88255e-07
0.4 0 1.7 0.588235 4.222e-07
0.4 0 1.8 0.555556 -nan
0.4 0 1.9 0.526316 -nan
0.4 0 2 0.5 0
0.4 0.1 0.1 1 0
0.4 0.1 0.2 1 0
0.4 0.1 0.3 1 0
0.4 0.1 0.4 1 0
0.4 0.1 0.5 1 0
0.4 0.1 0.6 1 0
0.4 0.1 0.7 1 0
0.4 0.1 0.8 1 0
0.4 0.1 0.9 1 0
0.4 0.1 1 1 0
0.4 0.1 1.1 1 0
0.4 0.1 1.2 1 0
0.4 0.1 1.3 1 0
0.4 0.1 1.4 1 0
0.4 0.1 1.5 1 0
0.4 0.1 1.6 1 0
0.4 0.1 1.7 1 0
0.4 0.1 1.8 0.998704 0.129728
0.4 0.1 1.9 0.99578 0.423746
0.4 0.1 2 0.993149 0.689842
0.4 0.2 0.1 1 0
0.4 0.2 0.2 1 0
0.4 0.2 0.3 1 0
0.4 0.2 0.4 1 0
0.4 0.2 0.5 1 0
0.4 0.2 0.6 1 0
0.4 0.2 0.7 1 0
0.4 0.2 0.8 1 0
0.4 0.2 0.9 1 0
0.4 0.2 1 1 0
0.4 0.2 1.1 1 0
0.4 0.2 1.2 1 0
0.4 0.2 1.3 1 0
0.4 0.2 1.4 1 0
0.4 0.2 1.5 1 0
0.4 0.2 1.6 1 0
0.4 0.2 1.7 1 0
0.4 0.2 1.8 0.998866 0.113568
0.4 0.2 1.9 0.995942 0.407491
0.4 0.2 2 0.99331 0.673501
0.4 0.3 0.1 1 0
0.4 0.3 0.2 1 0
0.4 0.3 0.3 1 0
0.4 0.3 0.4 1 0
0.4 0.3 0.5 1 0
0.4 0.3 0.6 1 0
0.4 0.3 0.7 1 0
0.4 0.3 0.8 1 0
0.4 0.3 0.9 1 0
0.4 0.3 1 1 0
0.4 0.3 1.1 1 0
0.4 0.3 1.2 1 0
0.4 0.3 1.3 1 0
0.4 0.3 1.4 1 0
0.4 0.3 1.5 1 0
0.4 0.3 1.6 1 0
0.4 0.3 1.7 1 0
0.4 0.3 1.8 0.998866 0.113568
0.4 0.3 1.9 0.995942 0.407491
0.4 0.3 2 0.99331 0.673501
0.4 0.4 0.1 1 0
0.4 0.4 0.2 1 0
0.4 0.4 0.3 1 0
0.4 0.4 0.4 1 0
0.4 0.4 0.5 1 0
0.4 0.4 0.6 1 0
0.4 0.4 0.7 1 0
0.4 0.4 0.8 1 0
0.4 0.4 0.9 1 0
0.4 0.4 1 1 0
0.4 0.4 1.1 1 0
0.4 0.4 1.2 1 0
0.4 0.4 1.3 1 0
0.4 0.4 1.4 1 0
0.4 0.4 1.5 1 0
0.4 0.4 1.6 1 0
0.4 0.4 1.7 1 0
0.4 0.4 1.8 0.998866 0.113568
0.4 0.4 1.9 0.995942 0.407491
0.4 0.4 2 0.99331 0.673501
0.4 0.5 0.1 1 0
0.4 0.5 0.2 1 0
0.4 0.5 0.3 1 0
0.4 0.5 0.4 1 0
0.4 0.5 0.5 1 0
0.4 0.5 0.6 1 0
0.4 0.5 0.7 1 0
0.4 0.5 0.8 1 0
0.4 0.5 0.9 1 0
0.4 0.5 1 1 0
0.4 0.5 1.1 1 0
0.4 0.5 1.2 1 0
0.4 0.5 1.3 1 0
0.4 0.5 1.4 1 0
0.4 0.5 1.5 1 0
0.4 0.5 1.6 1 0
0.4 0.5 1.7 1 0
0.4 0.5 1.8 0.998866 0.113568
0.4 0.5 1.9 0.995942 0.407491
0.4 0.5 2 0.99331 0.673501
0.4 0.6 0.1 1 0
0.4 0.6 0.2 1 0
0.4 0.6 0.3 1 0
0.4 0.6 0.4 1 0
0.4 0.6 0.5 1 0
0.4 0.6 0.6 1 0
0.4 0.6 0.7 1 0
0.4 0.6 0.8 1 0
0.4 0.6 0.9 1 0
0.4 0.6 1 1 0
0.4 0.6 1.1 1 0
0.4 0.6 1.2 1 0
0.4 0.6 1.3 1 0
0.4 0.6 1.4 1 0
0.4 0.6 1.5 1 0
0.4 0.6 1.6 1 0
0.4 0.6 1.7 1 0
0.4 0.6 1.8 0.998866 0.113568
0.4 0.6 1.9 0.995942 0.407491
0.4 0.6 2 0.99331 0.673501
0.4 0.7 0.1 1 0
0.4 0.7 0.2 1 0
0.4 0.7 0.3 1 0
0.4 0.7 0.4 1 0
0.4 0.7 0.5 1 0
0.4 0.7 0.6 1 0
0.4 0.7 0.7 1 0
0.4 0.7 0.8 1 0
0.4 0.7 0.9 1 0
0.4 0.7 1 1 0
0.4 0.7 1.1 1 0
0.4 0.7 1.2 1 0
0.4 0.7 1.3 1 0
0.4 0.7 1.4 1 0
0.4 0.7 1.5 1 0
0.4 0.7 1.6 1 0
0.4 0.7 1.7 1 0
0.4 0.7 1.8 0.998866 0.113568
0.4 0.7 1.9 0.995942 0.407491
0.4 0.7 2 0.99331 0.673501
0.4 0.8 0.1 1 0
0.4 0.8 0.2 1 0
0.4 0.8 0.3 1 0
0.4 0.8 0.4 1 0
0.4 0.8 0.5 1 0
0.4 0.8 0.6 1 0
0.4 0.8 0.7 1 0
0.4 0.8 0.8 1 0
0.4 0.8 0.9 1 0
0.4 0.8 1 1 0
0.4 0.8 1.1 1 0
0.4 0.8 1.2 1 0
0.4 0.8 1.3 1 0
0.4 0.8 1.4 1 0
0.4 0.8 1.5 1 0
0.4 0.8 1.6 1 0
0.4 0.8 1.7 1 0
0.4 0.8 1.8 0.998866 0.113568
0.4 0.8 1.9 0.995942 0.407491
0.4 0.8 2 0.99331 0.673501
0.4 0.9 0.1 1 0
0.4 0.9 0.2 1 0
0.4 0.9 0.3 1 0
0.4 0.9 0.4 1 0
0.4 0.9 0.5 1 0
0.4 0.9 0.6 1 0
0.4 0.9 0.7 1 0
0.4 0.9 0.8 1 0
0.4 0.9 0.9 1 0
0.4 0.9 1 1 0
0.4 0.9 1.1 1 0
0.4 0.9 1.2 1 0
0.4 0.9 1.3 1 0
0.4 0.9 1.4 1 0
0.4 0.9 1.5 1 0
0.4 0.9 1.6 1 0
0.4 0.9 1.7 1 0
0.4 0.9 1.8 0.998866 0.113568
0.4 0.9 1.9 0.995942 0.407491
0.4 0.9 2 0.99331 0.673501
0.4 1 0.1 1 0
0.4 1 0.2 1 0
0.4 1 0.3 1 0
0.4 1 0.4 1 0
0.4 1 0.5 1 0
0.4 1 0.6 1 0
0.4 1 0.7 1 0
0.4 1 0.8 1 0
0.4 1 0.9 1 0
0.4 1 1 1 0
0.4 1 1.1 1 0
0.4 1 1.2 1 0
0.4 1 1.3 1 0
0.4 1 1.4 1 0
0.4 1 1.5 1 0
0.4 1 1.6 1 0
0.4 1 1.7 1 0
0.4 1 1.8 0.998866 0.113568
0.4 1 1.9 0.995942 0.407491
0.4 1 2 0.99331 0.673501
0.5 0 0.1 1 0
0.5 0 0.2 1 0
0.5 0 0.3 1 0
0.5 0 0.4 1 0
0.5 0 0.5 1 0
0.5 0 0.6 1 0
0.5 0 0.7 1 0
0.5 0 0.8 1 0
0.5 0 0.9 1 0
0.5 0 1 1 -nan
0.5 0 1.1 0.909091 -nan
0.5 0 1.2 0.833333 4.21468e-07
0.5 0 1.3 0.769231 -nan
0.5 0 1.4 0.714286 0
0.5 0 1.5 0.666667 -nan
0.5 0 1.6 0.625 6.88255e-07
0.5 0 1.7 0.588235 4.222e-07
0.5 0 1.8 0.555556 -nan
0.5 0 1.9 0.526316 -nan
0.5 0 2 0.5 0
0.5 0.1 0.1 1 0
0.5 0.1 0.2 1 0
0.5 0.1 0.3 1 0
0.5 0.1 0.4 1 0
0.5 0.1 0.5 1 0
0.5 0.1 0.6 1 0
0.5 0.1 0.7 1 0
0.5 0.1 0.8 1 0
0.5 0.1 0.9 1 0
0.5 0.1 1 1 0
0.5 0.1 1.1 1 0
0.5 0.1 1.2 1 0
0.5 0.1 1.3 1 0
0.5 0.1 1.4 1 0
0.5 0.1 1.5 1 0
0.5 0.1 1.6 1 0
0.5 0.1 1.7 1 0
0.5 0.1 1.8 1 0
0.5 0.1 1.9 1 0
0.5 0.1 2 1 0
0.5 0.2 0.1 1 0
0.5 0.2 0.2 1 0
0.5 0.2 0.3 1 0
0.5 0.2 0.4 1 0
0.5 0.2 0.5 1 0
0.5 0.2 0.6 1 0
0.5 0.2 0.7 1 0
0.5 0.2 0.8 1 0
0.5 0.2 0.9 1 0
0.5 0.2 1 1 0
0.5 0.2 1.1 1 0
0.5 0.2 1.2 1 0
0.5 0.2 1.3 1 0
0.5 0.2 1.4 1 0
0.5 0.2 1.5 1 0
0.5 0.2 1.6 1 0
0.5 0.2 1.7 1 0
0.5 0.2 1.8 1 0
0.5 0.2 1.9 1 0
0.5 0.2 2 1 0
0.5 0.3 0.1 1 0
0.5 0.3 0.2 1 0
0.5 0.3 0.3 1 0
0.5 0.3 0.4 1 0
0.5 0.3 0.5 1 0
0.5 0.3 0.6 1 0
0.5 0.3 0.7 1 0
0.5 0.3 0.8 1 0
0.5 0.3 0.9 1 0
0.5 0.3 1 1 0
0.5 0.3 1.1 1 0
0.5 0.3 1.2 1 0
0.5 0.3 1.3 1 0
0.5 0.3 1.4 1 0
0.5 0.3 1.5 1 0
0.5 0.3 1.6 1 0
0.5 0.3 1.7 1 0
0.5 0.3 1.8 1 0
0.5 0.3 1.9 1 0
0.5 0.3 2 1 0
0.5 0.4 0.1 1 0
0.5 0.4 0.2 1 0
0.5 0.4 0.3 1 0
0.5 0.4 0.4 1 0
0.5 0.4 0.5 1 0
0.5 0.4 0.6 1 0
0.5 0.4 0.7 1 0
0.5 0.4 0.8 1 0
0.5 0.4 0.9 1 0
0.5 0.4 1 1 0
0.5 0.4 1.1 1 0
0.5 0.4 1.2 1 0
0.5 0.4 1.3 1 0
0.5 0.4 1.4 1 0
0.5 0.4 1.5 1 0
0.5 0.4 1.6 1 0
0.5 0.4 1.7 1 0
0.5 0.4 1.8 1 0
0.5 0.4 1.9 1 0
0.5 0.4 2 1 0
0.5 0.5 0.1 1 0
0.5 0.5 0.2 1 0
0.5 0.5 0.3 1 0
0.5 0.5 0.4 1 0
0.5 0.5 0.5 1 0
0.5 0.5 0.6 1 0
0.5 0.5 0.7 1 0
0.5 0.5 0.8 1 0
0.5 0.5 0.9 1 0
0.5 0.5 1 1 0
0.5 0.5 1.1 1 0
0.5 0.5 1.2 1 0
0.5 0.5 1.3 1 0
0.5 0.5 1.4 1 0
0.5 0.5 1.5 1 0
0.5 0.5 1.6 1 0
0.5 0.5 1.7 1 0
0.5 0.5 1.8 1 0
0.5 0.5 1.9 1 0
0.5 0.5 2 1 0
0.5 0.6 0.1 1 0
0.5 0.6 0.2 1 0
0.5 0.6 0.3 1 0
0.5 0.6 0.4 1 0
0.5 0.6 0.5 1 0
0.5 0.6 0.6 1 0
0.5 0.6 0.7 1 0
0.5 0.6 0.8 1 0
0.5 0.6 0.9 1 0
0.5 0.6 1 1 0
0.5 0.6 1.1 1 0
0.5 0.6 1.2 1 0
0.5 0.6 1.3 1 0
0.5 0.6 1.4 1 0
0.5 0.6 1.5 1 0
0.5 0.6 1.6 1 0
0.5 0.6 1.7 1 0
0.5 0.6 1.8 1 0
0.5 0.6 1.9 1 0
0.5 0.6 2 1 0
0.5 0.7 0.1 1 0
0.5 0.7 0.2 1 0
0.5 0.7 0.3 1 0
0.5 0.7 0.4 1 0
0.5 0.7 0.5 1 0
0.5 0.7 0.6 1 0
0.5 0.7 0.7 1 0
0.5 0.7 0.8 1 0
0.5 0.7 0.9 1 0
0.5 0.7 1 1 0
0.5 0.7 1.1 1 0
0.5 0.7 1.2 1 0
0.5 0.7 1.3 1 0
0.5 0.7 1.4 1 0
0.5 0.7 1.5 1 0
0.5 0.7 1.6 1 0
0.5 0.7 1.7 1 0
0.5 0.7 1.8 1 0
0.5 0.7 1.9 1 0
0.5 0.7 2 1 0
0.5 0.8 0.1 1 0
0.5 0.8 0.2 1 0
0.5 0.8 0.3 1 0
0.5 0.8 0.4 1 0
0.5 0.8 0.5 1 0
0.5 0.8 0.6 1 0
0.5 0.8 0.7 1 0
0.5 0.8 0.8 1 0
0.5 0.8 0.9 1 0
0.5 0.8 1 1 0
0.5 0.8 1.1 1 0
0.5 0.8 1.2 1 0
0.5 0.8 1.3 1 0
0.5 0.8 1.4 1 0
0.5 0.8 1.5 1 0
0.5 0.8 1.6 1 0
0.5 0.8 1.7 1 0
0.5 0.8 1.8 1 0
0.5 0.8 1.9 1 0
0.5 0.8 2 1 0
0.5 0.9 0.1 1 0
0.5 0.9 0.2 1 0
0.5 0.9 0.3 1 0
0.5 0.9 0.4 1 0
0.5 0.9 0.5 1 0
0.5 0.9 0.6 1 0
0.5 0.9 0.7 1 0
0.5 0.9 0.8 1 0
0.5 0.9 0.9 1 0
0.5 0.9 1 1 0
0.5 0.9 1.1 1 0
0.5 0.9 1.2 1 0
0.5 0.9 1.3 1 0
0.5 0.9 1.4 1 0
0.5 0.9 1.5 1 0
0.5 0.9 1.6 1 0
0.5 0.9 1.7 1 0
0.5 0.9 1.8 1 0
0.5 0.9 1.9 1 0
0.5 0.9 2 1 0
0.5 1 0.1 1 0
0.5 1 0.2 1 0
0.5 1 0.3 1 0
0.5 1 0.4 1 0
0.5 1 0.5 1 0
0.5 1 0.6 1 0
0.5 1 0.7 1 0
0.5 1 0.8 1 0
0.5 1 0.9 1 0
0.5 1 1 1 0
0.5 1 1.1 1 0
0.5 1 1.2 1 0
0.5 1 1.3 1 0
0.5 1 1.4 1 0
0.5 1 1.5 1 0
0.5 1 1.6 1 0
0.5 1 1.7 1 0
0.5 1 1.8 1 0
0.5 1 1.9 1 0
0.5 1 2 1 0
0.6 0 0.1 1 0
0.6 0 0.2 1 0
0.6 0 0.3 1 0
0.6 0 0.4 1 0
0.6 0 0.5 1 0
0.6 0 0.6 1 0
0.6 0 0.7 1 0
0.6 0 0.8 1 0
0.6 0 0.9 1 0
0.6 0 1 1 -nan
0.6 0 1.1 0.909091 -nan
0.6 0 1.2 0.833333 4.21468e-07
0.6 0 1.3 0.769231 -nan
0.6 0 1.4 0.714286 0
0.6 0 1.5 0.666667 -nan
0.6 0 1.6 0.625 6.88255e-07
0.6 0 1.7 0.588235 4.222e-07
0.6 0 1.8 0.555556 -nan
0.6 0 1.9 0.526316 -nan
0.6 0 2 0.5 0
0.6 0.1 0.1 1 0
0.6 0.1 0.2 1 0
0.6 0.1 0.3 1 0
0.6 0.1 0.4 1 0
0.6 0.1 0.5 1 0
0.6 0.1 0.6 1 0
0.6 0.1 0.7 1 0
0.6 0.1 0.8 1 0
0.6 0.1 0.9 1 0
0.6 0.1 1 1 0
0.6 0.1 1.1 1 0
0.6 0.1 1.2 1 0
0.6 0.1 1.3 1 0
0.6 0.1 1.4 1 0
0.6 0.1 1.5 1 0
0.6 0.1 1.6 1 0
0.6 0.1 1.7 1 0
0.6 0.1 1.8 1 0
0.6 0.1 1.9 1 0
0.6 0.1 2 1 0
0.6 0.2 0.1 1 0
0.6 0.2 0.2 1 0
0.6 0.2 0.3 1 0
0.6 0.2 0.4 1 0
0.6 0.2 0.5 1 0
0.6 0.2 0.6 1 0
0.6 0.2 0.7 1 0
0.6 0.2 0.8 1 0
0.6 0.2 0.9 1 0
0.6 0.2 1 1 0
0.6 0.2 1.1 1 0
0.6 0.2 1.2 1 0
0.6 0.2 1.3 1 0
0.6 0.2 1.4 1 0
0.6 0.2 1.5 1 0
0.6 0.2 1.6 1 0
0.6 0.2 1.7 1 0
0.6 0.2 1.8 1 0
0.6 0.2 1.9 1 0
0.6 0.2 2 1 0
0.6 0.3 0.1 1 0
0.6 0.3 0.2 1 0
0.6 0.3 0.3 1 0
0.6 0.3 0.4 1 0
0.6 0.3 0.5 1 0
0.6 0.3 0.6 1 0
0.6 0.3 0.7 1 0
0.6 0.3 0.8 1 0
0.6 0.3 0.9 1 0
0.6 0.3 1 1 0
0.6 0.3 1.1 1 0
0.6 0.3 1.2 1 0
0.6 0.3 1.3 1 0
0.6 0.3 1.4 1 0
0.6 0.3 1.5 1 0
0.6 0.3 1.6 1 0
0.6 0.3 1.7 1 0
0.6 0.3 1.8 1 0
0.6 0.3 1.9 1 0
0.6 0.3 2 1 0
0.6 0.4 0.1 1 0
0.6 0.4 0.2 1 0
0.6 0.4 0.3 1 0
0.6 0.4 0.4 1 0
0.6 0.4 0.5 1 0
0.6 0.4 0.6 1 0
0.6 0.4 0.7 1 0
0.6 0.4 0.8 1 0
0.6 0.4 0.9 1 0
0.6 0.4 1 1 0
0.6 0.4 1.1 1 0
0.6 0.4 1.2 1 0
0.6 0.4 1.3 1 0
0.6 0.4 1.4 1 0
0.6 0.4 1.5 1 0
0.6 0.4 1.6 1 0
0.6 0.4 1.7 1 0
0.6 0.4 1.8 1 0
0.6 0.4 1.9 1 0
0.6 0.4 2 1 0
0.6 0.5 0.1 1 0
0.6 0.5 0.2 1 0
0.6 0.5 0.3 1 0
0.6 0.5 0.4 1 0
0.6 0.5 0.5 1 0
0.6 0.5 0.6 1 0
0.6 0.5 0.7 1 0
0.6 0.5 0.8 1 0
0.6 0.5 0.9 1 0
0.6 0.5 1 1 0
0.6 0.5 1.1 1 0
0.6 0.5 1.2 1 0
0.6 0.5 1.3 1 0
0.6 0.5 1.4 1 0
0.6 0.5 1.5 1 0
0.6 0.5 1.6 1 0
0.6 0.5 1.7 1 0
0.6 0.5 1.8 1 0
0.6 0.5 1.9 1 0
0.6 0.5 2 1 0
0.6 0.6 0.1 1 0
0.6 0.6 0.2 1 0
0.6 0.6 0.3 1 0
0.6 0.6 0.4 1 0
0.6 0.6 0.5 1 0
0.6 0.6 0.6 1 0
0.6 0.6 0.7 1 0
0.6 0.6 0.8 1 0
0.6 0.6 0.9 1 0
0.6 0.6 1 1 0
0.6 0.6 1.1 1 0
0.6 0.6 1.2 1 0
0.6 0.6 1.3 1 0
0.6 0.6 1.4 1 0
0.6 0.6 1.5 1 0
0.6 0.6 1.6 1 0
0.6 0.6 1.7 1 0
0.6 0.6 1.8 1 0
0.6 0.6 1.9 1 0
0.6 0.6 2 1 0
0.6 0.7 0.1 1 0
0.6 0.7 0.2 1 0
0.6 0.7 0.3 1 0
0.6 0.7 0.4 1 0
0.6 0.7 0.5 1 0
0.6 0.7 0.6 1 0
0.6 0.7 0.7 1 0
0.6 0.7 0.8 1 0
0.6 0.7 0.9 1 0
0.6 0.7 1 1 0
0.6 0.7 1.1 1 0
0.6 0.7 1.2 1 0
0.6 0.7 1.3 1 0
0.6 0.7 1.4 1 0
0.6 0.7 1.5 1 0
0.6 0.7 1.6 1 0
0.6 0.7 1.7 1 0
0.6 0.7 1.8 1 0
0.6 0.7 1.9 1 0
0.6 0.7 2 1 0
0.6 0.8 0.1 1 0
0.6 0.8 0.2 1 0
0.6 0.8 0.3 1 0
0.6 0.8 0.4 1 0
0.6 0.8 0.5 1 0
0.6 0.8 0.6 1 0
0.6 0.8 0.7 1 0
0.6 0.8 0.8 1 0
0.6 0.8 0.9 1 0
0.6 0.8 1 1 0
0.6 0.8 1.1 1 0
0.6 0.8 1.2 1 0
0.6 0.8 1.3 1 0
0.6 0.8 1.4 1 0
0.6 0.8 1.5 1 0
0.6 0.8 1.6 1 0
0.6 0.8 1.7 1 0
0.6 0.8 1.8 1 0
0.6 0.8 1.9 1 0
0.6 0.8 2 1 0
0.6 0.9 0.1 1 0
0.6 0.9 0.2 1 0
0.6 0.9 0.3 1 0
0.6 0.9 0.4 1 0
0.6 0.9 0.5 1 0
0.6 0.9 0.6 1 0
0.6 0.9 0.7 1 0
0.6 0.9 0.8 1 0
0.6 0.9 0.9 1 0
0.6 0.9 1 1 0
0.6 0.9 1.1 1 0
0.6 0.9 1.2 1 0
0.6 0.9 1.3 1 0
0.6 0.9 1.4 1 0
0.6 0.9 1.5 1 0
0.6 0.9 1.6 1 0
0.6 0.9 1.7 1 0
0.6 0.9 1.8 1 0
0.6 0.9 1.9 1 0
0.6 0.9 2 1 0
0.6 1 0.1 1 0
0.6 1 0.2 1 0
0.6 1 0.3 1 0
0.6 1 0.4 1 0
0.6 1 0.5 1 0
0.6 1 0.6 1 0
0.6 1 0.7 1 0
0.6 1 0.8 1 0
0.6 1 0.9 1 0
0.6 1 1 1 0
0.6 1 1.1 1 0
0.6 1 1.2 1 0
0.6 1 1.3 1 0
0.6 1 1.4 1 0
0.6 1 1.5 1 0
0.6 1 1.6 1 0
0.6 1 1.7 1 0
0.6 1 1.8 1 0
0.6 1 1.9 1 0
0.6 1 2 1 0
0.7 0 0.1 1 0
0.7 0 0.2 1 0
0.7 0 0.3 1 0
0.7 0 0.4 1 0
0.7 0 0.5 1 0
0.7 0 0.6 1 0
0.7 0 0.7 1 0
0.7 0 0.8 1 0
0.7 0 0.9 1 0
0.7 0 1 1 -nan
0.7 0 1.1 0.909091 -nan
0.7 0 1.2 0.833333 4.21468e-07
0.7 0 1.3 0.769231 -nan
0.7 0 1.4 0.714286 0
0.7 0 1.5 0.666667 -nan
0.7 0 1.6 0.625 6.88255e-07
0.7 0 1.7 0.588235 4.222e-07
0.7 0 1.8 0.555556 -nan
0.7 0 1.9 0.526316 -nan
0.7 0 2 0.5 0
0.7 0.1 0.1 1 0
0.7 0.1 0.2 1 0
0.7 0.1 0.3 1 0
0.7 0.1 0.4 1 0
0.7 0.1 0.5 1 0
0.7 0.1 0.6 1 0
0.7 0.1 0.7 1 0
0.7 0.1 0.8 1 0
0.7 0.1 0.9 1 0
0.7 0.1 1 1 0
0.7 0.1 1.1 1 0
0.7 0.1 1.2 1 0
0.7 0.1 1.3 1 0
0.7 0.1 1.4 1 0
0.7 0.1 1.5 1 0
0.7 0.1 1.6 1 0
0.7 0.1 1.7 1 0
0.7 0.1 1.8 1 0
0.7 0.1 1.9 1 0
0.7 0.1 2 1 0
0.7 0.2 0.1 1 0
0.7 0.2 0.2 1 0
0.7 0.2 0.3 1 0
0.7 0.2 0.4 1 0
0.7 0.2 0.5 1 0
0.7 0.2 0.6 1 0
0.7 0.2 0.7 1 0
0.7 0.2 0.8 1 0
0.7 0.2 0.9 1 0
0.7 0.2 1 1 0
0.7 0.2 1.1 1 0
0.7 0.2 1.2 1 0
0.7 0.2 1.3 1 0
0.7 0.2 1.4 1 0
0.7 0.2 1.5 1 0
0.7 0.2 1.6 1 0
0.7 0.2 1.7 1 0
0.7 0.2 1.8 1 0
0.7 0.2 1.9 1 0
0.7 0.2 2 1 0
0.7 0.3 0.1 1 0
0.7 0.3 0.2 1 0
0.7 0.3 0.3 1 0
0.7 0.3 0.4 1 0
0.7 0.3 0.5 1 0
0.7 0.3 0.6 1 0
0.7 0.3 0.7 1 0
0.7 0.3 0.8 1 0
0.7 0.3 0.9 1 0
0.7 0.3 1 1 0
0.7 0.3 1.1 1 0
0.7 0.3 1.2 1 0
0.7 0.3 1.3 1 0
0.7 0.3 1.4 1 0
0.7 0.3 1.5 1 0
0.7 0.3 1.6 1 0
0.7 0.3 1.7 1 0
0.7 0.3 1.8 1 0
0.7 0.3 1.9 1 0
0.7 0.3 2 1 0
0.7 0.4 0.1 1 0
0.7 0.4 0.2 1 0
0.7 0.4 0.3 1 0
0.7 0.4 0.4 1 0
0.7 0.4 0.5 1 0
0.7 0.4 0.6 1 0
0.7 0.4 0.7 1 0
0.7 0.4 0.8 1 0
0.7 0.4 0.9 1 0
0.7 0.4 1 1 0
0.7 0.4 1.1 1 0
0.7 0.4 1.2 1 0
0.7 0.4 1.3 1 0
0.7 0.4 1.4 1 0
0.7 0.4 1.5 1 0
0.7 0.4 1.6 1 0
0.7 0.4 1.7 1 0
0.7 0.4 1.8 1 0
0.7 0.4 1.9 1 0
0.7 0.4 2 1 0
0.7 0.5 0.1 1 0
0.7 0.5 0.2 1 0
0.7 0.5 0.3 1 0
0.7 0.5 0.4 1 0
0.7 0.5 0.5 1 0
0.7 0.5 0.6 1 0
0.7 0.5 0.7 1 0
0.7 0.5 0.8 1 0
0.7 0.5 0.9 1 0
0.7 0.5 1 1 0
0.7 0.5 1.1 1 0
0.7 0.5 1.2 1 0
0.7 0.5 1.3 1 0
0.7 0.5 1.4 1 0
0.7 0.5 1.5 1 0
0.7 0.5 1.6 1 0
0.7 0.5 1.7 1 0
0.7 0.5 1.8 1 0
0.7 0.5 1.9 1 0
0.7 0.5 2 1 0
0.7 0.6 0.1 1 0
0.7 0.6 0.2 1 0
0.7 0.6 0.3 1 0
0.7 0.6 0.4 1 0
0.7 0.6 0.5 1 0
0.7 0.6 0.6 1 0
0.7 0.6 0.7 1 0
0.7 0.6 0.8 1 0
0.7 0.6 0.9 1 0
0.7 0.6 1 1 0
0.7 0.6 1.1 1 0
0.7 0.6 1.2 1 0
0.7 0.6 1.3 1 0
0.7 0.6 1.4 1 0
0.7 0.6 1.5 1 0
0.7 0.6 1.6 1 0
0.7 0.6 1.7 1 0
0.7 0.6 1.8 1 0
0.7 0.6 1.9 1 0
0.7 0.6 2 1 0
0.7 0.7 0.1 1 0
0.7 0.7 0.2 1 0
0.7 0.7 0.3 1 0
0.7 0.7 0.4 1 0
0.7 0.7 0.5 1 0
0.7 0.7 0.6 1 0
0.7 0.7 0.7 1 0
0.7 0.7 0.8 1 0
0.7 0.7 0.9 1 0
0.7 0.7 1 1 0
0.7 0.7 1.1 1 0
0.7 0.7 1.2 1 0
0.7 0.7 1.3 1 0
0.7 0.7 1.4 1 0
0.7 0.7 1.5 1 0
0.7 0.7 1.6 1 0
0.7 0.7 1.7 1 0
0.7 0.7 1.8 1 0
0.7 0.7 1.9 1 0
0.7 0.7 2 1 0
0.7 0.8 0.1 1 0
0.7 0.8 0.2 1 0
0.7 0.8 0.3 1 0
0.7 0.8 0.4 1 0
0.7 0.8 0.5 1 0
0.7 0.8 0.6 1 0
0.7 0.8 0.7 1 0
0.7 0.8 0.8 1 0
0.7 0.8 0.9 1 0
0.7 0.8 1 1 0
0.7 0.8 1.1 1 0
0.7 0.8 1.2 1 0
0.7 0.8 1.3 1 0
0.7 0.8 1.4 1 0
0.7 0.8 1.5 1 0
0.7 0.8 1.6 1 0
0.7 0.8 1.7 1 0
0.7 0.8 1.8 1 0
0.7 0.8 1.9 1 0
0.7 0.8 2 1 0
0.7 0.9 0.1 1 0
0.7 0.9 0.2 1 0
0.7 0.9 0.3 1 0
0.7 0.9 0.4 1 0
0.7 0.9 0.5 1 0
0.7 0.9 0.6 1 0
0.7 0.9 0.7 1 0
0.7 0.9 0.8 1 0
0.7 0.9 0.9 1 0
0.7 0.9 1 1 0
0.7 0.9 1.1 1 0
0.7 0.9 1.2 1 0
0.7 0.9 1.3 1 0
0.7 0.9 1.4 1 0
0.7 0.9 1.5 1 0
0.7 0.9 1.6 1 0
0.7 0.9 1.7 1 0
0.7 0.9 1.8 1 0
0.7 0.9 1.9 1 0
0.7 0.9 2 1 0
0.7 1 0.1 1 0
0.7 1 0.2 1 0
0.7 1 0.3 1 0
0.7 1 0.4 1 0
0.7 1 0.5 1 0
0.7 1 0.6 1 0
0.7 1 0.7 1 0
0.7 1 0.8 1 0
0.7 1 0.9 1 0
0.7 1 1 1 0
0.7 1 1.1 1 0
0.7 1 1.2 1 0
0.7 1 1.3 1 0
0.7 1 1.4 1 0
0.7 1 1.5 1 0
0.7 1 1.6 1 0
0.7 1 1.7 1 0
0.7 1 1.8 1 0
0.7 1 1.9 1 0
0.7 1 2 1 0
0.8 0 0.1 1 0
0.8 0 0.2 1 0
0.8 0 0.3 1 0
0.8 0 0.4 1 0
0.8 0 0.5 1 0
0.8 0 0.6 1 0
0.8 0 0.7 1 0
0.8 0 0.8 1 0
0.8 0 0.9 1 0
0.8 0 1 1 -nan
0.8 0 1.1 0.909091 -nan
0.8 0 1.2 0.833333 4.21468e-07
0.8 0 1.3 0.769231 -nan
0.8 0 1.4 0.714286 0
0.8 0 1.5 0.666667 -nan
0.8 0 1.6 0.625 6.88255e-07
0.8 0 1.7 0.588235 4.222e-07
0.8 0 1.8 0.555556 -nan
0.8 0 1.9 0.526316 -nan
0.8 0 2 0.5 0
0.8 0.1 0.1 1 0
0.8 0.1 0.2 1 0
0.8 0.1 0.3 1 0
0.8 0.1 0.4 1 0
0.8 0.1 0.5 1 0
0.8 0.1 0.6 1 0
0.8 0.1 0.7 1 0
0.8 0.1 0.8 1 0
0.8 0.1 0.9 1 0
0.8 0.1 1 1 0
0.8 0.1 1.1 1 0
0.8 0.1 1.2 1 0
0.8 0.1 1.3 1 0
0.8 0.1 1.4 1 0
0.8 0.1 1.5 1 0
0.8 0.1 1.6 1 0
0.8 0.1 1.7 1 0
0.8 0.1 1.8 1 0
0.8 0.1 1.9 1 0
0.8 0.1 2 1 0
0.8 0.2 0.1 1 0
0.8 0.2 0.2 1 0
0.8 0.2 0.3 1 0
0.8 0.2 0.4 1 0
0.8 0.2 0.5 1 0
0.8 0.2 0.6 1 0
0.8 0.2 0.7 1 0
0.8 0.2 0.8 1 0
0.8 0.2 0.9 1 0
0.8 0.2 1 1 0
0.8 0.2 1.1 1 0
0.8 0.2 1.2 1 0
0.8 0.2 1.3 1 0
0.8 0.2 1.4 1 0
0.8 0.2 1.5 1 0
0.8 0.2 1.6 1 0
0.8 0.2 1.7 1 0
0.8 0.2 1.8 1 0
0.8 0.2 1.9 1 0
0.8 0.2 2 1 0
0.8 0.3 0.1 1 0
0.8 0.3 0.2 1 0
0.8 0.3 0.3 1 0
0.8 0.3 0.4 1 0
0.8 0.3 0.5 1 0
0.8 0.3 0.6 1 0
0.8 0.3 0.7 1 0
0.8 0.3 0.8 1 0
0.8 0.3 0.9 1 0
0.8 0.3 1 1 0
0.8 0.3 1.1 1 0
0.8 0.3 1.2 1 0
0.8 0.3 1.3 1 0
0.8 0.3 1.4 1 0
0.8 0.3 1.5 1 0
0.8 0.3 1.6 1 0
0.8 0.3 1.7 1 0
0.8 0.3 1.8 1 0
0.8 0.3 1.9 1 0
0.8 0.3 2 1 0
0.8 0.4 0.1 1 0
0.8 0.4 0.2 1 0
0.8 0.4 0.3 1 0
0.8 0.4 0.4 1 0
0.8 0.4 0.5 1 0
0.8 0.4 0.6 1 0
0.8 0.4 0.7 1 0
0.8 0.4 0.8 1 0
0.8 0.4 0.9 1 0
0.8 0.4 1 1 0
0.8 0.4 1.1 1 0
0.8 0.4 1.2 1 0
0.8 0.4 1.3 1 0
0.8 0.4 1.4 1 0
0.8 0.4 1.5 1 0
0.8 0.4 1.6 1 0
0.8 0.4 1.7 1 0
0.8 0.4 1.8 1 0
0.8 0.4 1.9 1 0
0.8 0.4 2 1 0
0.8 0.5 0.1 1 0
0.8 0.5 0.2 1 0
0.8 0.5 0.3 1 0
0.8 0.5 0.4 1 0
0.8 0.5 0.5 1 0
0.8 0.5 0.6 1 0
0.8 0.5 0.7 1 0
0.8 0.5 0.8 1 0
0.8 0.5 0.9 1 0
0.8 0.5 1 1 0
0.8 0.5 1.1 1 0
0.8 0.5 1.2 1 0
0.8 0.5 1.3 1 0
0.8 0.5 1.4 1 0
0.8 0.5 1.5 1 0
0.8 0.5 1.6 1 0
0.8 0.5 1.7 1 0
0.8 0.5 1.8 1 0
0.8 0.5 1.9 1 0
0.8 0.5 2 1 0
0.8 0.6 0.1 1 0
0.8 0.6 0.2 1 0
0.8 0.6 0.3 1 0
0.8 0.6 0.4 1 0
0.8 0.6 0.5 1 0
0.8 0.6 0.6 1 0
0.8 0.6 0.7 1 0
0.8 0.6 0.8 1 0
0.8 0.6 0.9 1 0
0.8 0.6 1 1 0
0.8 0.6 1.1 1 0
0.8 0.6 1.2 1 0
0.8 0.6 1.3 1 0
0.8 0.6 1.4 1 0
0.8 0.6 1.5 1 0
0.8 0.6 1.6 1 0
0.8 0.6 1.7 1 0
0.8 0.6 1.8 1 0
0.8 0.6 1.9 1 0
0.8 0.6 2 1 0
0.8 0.7 0.1 1 0
0.8 0.7 0.2 1 0
0.8 0.7 0.3 1 0
0.8 0.7 0.4 1 0
0.8 0.7 0.5 1 0
0.8 0.7 0.6 1 0
0.8 0.7 0.7 1 0
0.8 0.7 0.8 1 0
0.8 0.7 0.9 1 0
0.8 0.7 1 1 0
0.8 0.7 1.1 1 0
0.8 0.7 1.2 1 0
0.8 0.7 1.3 1 0
0.8 0.7 1.4 1 0
0.8 0.7 1.5 1 0
0.8 0.7 1.6 1 0
0.8 0.7 1.7 1 0
0.8 0.7 1.8 1 0
0.8 0.7 1.9 1 0
0.8 0.7 2 1 0
0.8 0.8 0.1 1 0
0.8 0.8 0.2 1 0
0.8 0.8 0.3 1 0
0.8 0.8 0.4 1 0
0.8 0.8 0.5 1 0
0.8 0.8 0.6 1 0
0.8 0.8 0.7 1 0
0.8 0.8 0.8 1 0
0.8 0.8 0.9 1 0
0.8 0.8 1 1 0
0.8 0.8 1.1 1 0
0.8 0.8 1.2 1 0
0.8 0.8 1.3 1 0
0.8 0.8 1.4 1 0
0.8 0.8 1.5 1 0
0.8 0.8 1.6 1 0
0.8 0.8 1.7 1 0
0.8 0.8 1.8 1 0
0.8 0.8 1.9 1 0
0.8 0.8 2 1 0
0.8 0.9 0.1 1 0
0.8 0.9 0.2 1 0
0.8 0.9 0.3 1 0
0.8 0.9 0.4 1 0
0.8 0.9 0.5 1 0
0.8 0.9 0.6 1 0
0.8 0.9 0.7 1 0
0.8 0.9 0.8 1 0
0.8 0.9 0.9 1 0
0.8 0.9 1 1 0
0.8 0.9 1.1 1 0
0.8 0.9 1.2 1 0
0.8 0.9 1.3 1 0
0.8 0.9 1.4 1 0
0.8 0.9 1.5 1 0
0.8 0.9 1.6 1 0
0.8 0.9 1.7 1 0
0.8 0.9 1.8 1 0
0.8 0.9 1.9 1 0
0.8 0.9 2 1 0
0.8 1 0.1 1 0
0.8 1 0.2 1 0
0.8 1 0.3 1 0
0.8 1 0.4 1 0
0.8 1 0.5 1 0
0.8 1 0.6 1 0
0.8 1 0.7 1 0
0.8 1 0.8 1 0
0.8 1 0.9 1 0
0.8 1 1 1 0
0.8 1 1.1 1 0
0.8 1 1.2 1 0
0.8 1 1.3 1 0
0.8 1 1.4 1 0
0.8 1 1.5 1 0
0.8 1 1.6 1 0
0.8 1 1.7 1 0
0.8 1 1.8 1 0
0.8 1 1.9 1 0
0.8 1 2 1 0
0.9 0 0.1 1 0
0.9 0 0.2 1 0
0.9 0 0.3 1 0
0.9 0 0.4 1 0
0.9 0 0.5 1 0
0.9 0 0.6 1 0
0.9 0 0.7 1 0
0.9 0 0.8 1 0
0.9 0 0.9 1 0
0.9 0 1 1 -nan
0.9 0 1.1 0.909091 -nan
0.9 0 1.2 0.833333 4.21468e-07
0.9 0 1.3 0.769231 -nan
0.9 0 1.4 0.714286 0
0.9 0 1.5 0.666667 -nan
0.9 0 1.6 0.625 6.88255e-07
0.9 0 1.7 0.588235 4.222e-07
0.9 0 1.8 0.555556 -nan
0.9 0 1.9 0.526316 -nan
0.9 0 2 0.5 0
0.9 0.1 0.1 1 0
0.9 0.1 0.2 1 0
0.9 0.1 0.3 1 0
0.9 0.1 0.4 1 0
0.9 0.1 0.5 1 0
0.9 0.1 0.6 1 0
0.9 0.1 0.7 1 0
0.9 0.1 0.8 1 0
0.9 0.1 0.9 1 0
0.9 0.1 1 1 0
0.9 0.1 1.1 1 0
0.9 0.1 1.2 1 0
0.9 0.1 1.3 1 0
0.9 0.1 1.4 1 0
0.9 0.1 1.5 1 0
0.9 0.1 1.6 1 0
0.9 0.1 1.7 1 0
0.9 0.1 1.8 1 0
0.9 0.1 1.9 1 0
0.9 0.1 2 1 0
0.9 0.2 0.1 1 0
0.9 0.2 0.2 1 0
0.9 0.2 0.3 1 0
0.9 0.2 0.4 1 0
0.9 0.2 0.5 1 0
0.9 0.2 0.6 1 0
0.9 0.2 0.7 1 0
0.9 0.2 0.8 1 0
0.9 0.2 0.9 1 0
0.9 0.2 1 1 0
0.9 0.2 1.1 1 0
0.9 0.2 1.2 1 0
0.9 0.2 1.3 1 0
0.9 0.2 1.4 1 0
0.9 0.2 1.5 1 0
0.9 0.2 1.6 1 0
0.9 0.2 1.7 1 0
0.9 0.2 1.8 1 0
0.9 0.2 1.9 1 0
0.9 0.2 2 1 0
0.9 0.3 0.1 1 0
0.9 0.3 0.2 1 0
0.9 0.3 0.3 1 0
0.9 0.3 0.4 1 0
0.9 0.3 0.5 1 0
0.9 0.3 0.6 1 0
0.9 0.3 0.7 1 0
0.9 0.3 0.8 1 0
0.9 0.3 0.9 1 0
0.9 0.3 1 1 0
0.9 0.3 1.1 1 0
0.9 0.3 1.2 1 0
0.9 0.3 1.3 1 0
0.9 0.3 1.4 1 0
0.9 0.3 1.5 1 0
0.9 0.3 1.6 1 0
0.9 0.3 1.7 1 0
0.9 0.3 1.8 1 0
0.9 0.3 1.9 1 0
0.9 0.3 2 1 0
0.9 0.4 0.1 1 0
0.9 0.4 0.2 1 0
0.9 0.4 0.3 1 0
0.9 0.4 0.4 1 0
0.9 0.4 0.5 1 0
0.9 0.4 0.6 1 0
0.9 0.4 0.7 1 0
0.9 0.4 0.8 1 0
0.9 0.4 0.9 1 0
0.9 0.4 1 1 0
0.9 0.4 1.1 1 0
0.9 0.4 1.2 1 0
0.9 0.4 1.3 1 0
0.9 0.4 1.4 1 0
0.9 0.4 1.5 1 0
0.9 0.4 1.6 1 0
0.9 0.4 1.7 1 0
0.9 0.4 1.8 1 0
0.9 0.4 1.9 1 0
0.9 0.4 2 1 0
0.9 0.5 0.1 1 0
0.9 0.5 0.2 1 0
0.9 0.5 0.3 1 0
0.9 0.5 0.4 1 0
0.9 0.5 0.5 1 0
0.9 0.5 0.6 1 0
0.9 0.5 0.7 1 0
0.9 0.5 0.8 1 0
0.9 0.5 0.9 1 0
0.9 0.5 1 1 0
0.9 0.5 1.1 1 0
0.9 0.5 1.2 1 0
0.9 0.5 1.3 1 0
0.9 0.5 1.4 1 0
0.9 0.5 1.5 1 0
0.9 0.5 1.6 1 0
0.9 0.5 1.7 1 0
0.9 0.5 1.8 1 0
0.9 0.5 1.9 1 0
0.9 0.5 2 1 0
0.9 0.6 0.1 1 0
0.9 0.6 0.2 1 0
0.9 0.6 0.3 1 0
0.9 0.6 0.4 1 0
0.9 0.6 0.5 1 0
0.9 0.6 0.6 1 0
0.9 0.6 0.7 1 0
0.9 0.6 0.8 1 0
0.9 0.6 0.9 1 0
0.9 0.6 1 1 0
0.9 0.6 1.1 1 0
0.9 0.6 1.2 1 0
0.9 0.6 1.3 1 0
0.9 0.6 1.4 1 0
0.9 0.6 1.5 1 0
0.9 0.6 1.6 1 0
0.9 0.6 1.7 1 0
0.9 0.6 1.8 1 0
0.9 0.6 1.9 1 0
0.9 0.6 2 1 0
0.9 0.7 0.1 1 0
0.9 0.7 0.2 1 0
0.9 0.7 0.3 1 0
0.9 0.7 0.4 1 0
0.9 0.7 0.5 1 0
0.9 0.7 0.6 1 0
0.9 0.7 0.7 1 0
0.9 0.7 0.8 1 0
0.9 0.7 0.9 1 0
0.9 0.7 1 1 0
0.9 0.7 1.1 1 0
0.9 0.7 1.2 1 0
0.9 0.7 1.3 1 0
0.9 0.7 1.4 1 0
0.9 0.7 1.5 1 0
0.9 0.7 1.6 1 0
0.9 0.7 1.7 1 0
0.9 0.7 1.8 1 0
0.9 0.7 1.9 1 0
0.9 0.7 2 1 0
0.9 0.8 0.1 1 0
0.9 0.8 0.2 1 0
0.9 0.8 0.3 1 0
0.9 0.8 0.4 1 0
0.9 0.8 0.5 1 0
0.9 0.8 0.6 1 0
0.9 0.8 0.7 1 0
0.9 0.8 0.8 1 0
0.9 0.8 0.9 1 0
0.9 0.8 1 1 0
0.9 0.8 1.1 1 0
0.9 0.8 1.2 1 0
0.9 0.8 1.3 1 0
0.9 0.8 1.4 1 0
0.9 0.8 1.5 1 0
0.9 0.8 1.6 1 0
0.9 0.8 1.7 1 0
0.9 0.8 1.8 1 0
0.9 0.8 1.9 1 0
0.9 0.8 2 1 0
0.9 0.9 0.1 1 0
0.9 0.9 0.2 1 0
0.9 0.9 0.3 1 0
0.9 0.9 0.4 1 0
0.9 0.9 0.5 1 0
0.9 0.9 0.6 1 0
0.9 0.9 0.7 1 0
0.9 0.9 0.8 1 0
0.9 0.9 0.9 1 0
0.9 0.9 1 1 0
0.9 0.9 1.1 1 0
0.9 0.9 1.2 1 0
0.9 0.9 1.3 1 0
0.9 0.9 1.4 1 0
0.9 0.9 1.5 1 0
0.9 0.9 1.6 1 0
0.9 0.9 1.7 1 0
0.9 0.9 1.8 1 0
0.9 0.9 1.9 1 0
0.9 0.9 2 1 0
0.9 1 0.1 1 0
0.9 1 0.2 1 0
0.9 1 0.3 1 0
0.9 1 0.4 1 0
0.9 1 0.5 1 0
0.9 1 0.6 1 0
0.9 1 0.7 1 0
0.9 1 0.8 1 0
0.9 1 0.9 1 0
0.9 1 1 1 0
0.9 1 1.1 1 0
0.9 1 1.2 1 0
0.9 1 1.3 1 0
0.9 1 1.4 1 0
0.9 1 1.5 1 0
0.9 1 1.6 1 0
0.9 1 1.7 1 0
0.9 1 1.8 1 0
0.9 1 1.9 1 0
0.9 1 2 1 0
1 0 0.1 1 0
1 0 0.2 1 0
1 0 0.3 1 0
1 0 0.4 1 0
1 0 0.5 1 0
1 0 0.6 1 0
1 0 0.7 1 0
1 0 0.8 1 0
1 0 0.9 1 0
1 0 1 1 -nan
1 0 1.1 0.909091 -nan
1 0 1.2 0.833333 4.21468e-07
1 0 1.3 0.769231 -nan
1 0 1.4 0.714286 0
1 0 1.5 0.666667 -nan
1 0 1.6 0.625 6.88255e-07
1 0 1.7 0.588235 4.222e-07
1 0 1.8 0.555556 -nan
1 0 1.9 0.526316 -nan
1 0 2 0.5 0
1 0.1 0.1 1 0
1 0.1 0.2 1 0
1 0.1 0.3 1 0
1 0.1 0.4 1 0
1 0.1 0.5 1 0
1 0.1 0.6 1 0
1 0.1 0.7 1 0
1 0.1 0.8 1 0
1 0.1 0.9 1 0
1 0.1 1 1 0
1 0.1 1.1 1 0
1 0.1 1.2 1 0
1 0.1 1.3 1 0
1 0.1 1.4 1 0
1 0.1 1.5 1 0
1 0.1 1.6 1 0
1 0.1 1.7 1 0
1 0.1 1.8 1 0
1 0.1 1.9 1 0
1 0.1 2 1 0
1 0.2 0.1 1 0
1 0.2 0.2 1 0
1 0.2 0.3 1 0
1 0.2 0.4 1 0
1 0.2 0.5 1 0
1 0.2 0.6 1 0
1 0.2 0.7 1 0
1 0.2 0.8 1 0
1 0.2 0.9 1 0
1 0.2 1 1 0
1 0.2 1.1 1 0
1 0.2 1.2 1 0
1 0.2 1.3 1 0
1 0.2 1.4 1 0
1 0.2 1.5 1 0
1 0.2 1.6 1 0
1 0.2 1.7 1 0
1 0.2 1.8 1 0
1 0.2 1.9 1 0
1 0.2 2 1 0
1 0.3 0.1 1 0
1 0.3 0.2 1 0
1 0.3 0.3 1 0
1 0.3 0.4 1 0
1 0.3 0.5 1 0
1 0.3 0.6 1 0
1 0.3 0.7 1 0
1 0.3 0.8 1 0
1 0.3 0.9 1 0
1 0.3 1 1 0
1 0.3 1.1 1 0
1 0.3 1.2 1 0
1 0.3 1.3 1 0
1 0.3 1.4 1 0
1 0.3 1.5 1 0
1 0.3 1.6 1 0
1 0.3 1.7 1 0
1 0.3 1.8 1 0
1 0.3 1.9 1 0
1 0.3 2 1 0
1 0.4 0.1 1 0
1 0.4 0.2 1 0
1 0.4 0.3 1 0
1 0.4 0.4 1 0
1 0.4 0.5 1 0
1 0.4 0.6 1 0
1 0.4 0.7 1 0
1 0.4 0.8 1 0
1 0.4 0.9 1 0
1 0.4 1 1 0
1 0.4 1.1 1 0
1 0.4 1.2 1 0
1 0.4 1.3 1 0
1 0.4 1.4 1 0
1 0.4 1.5 1 0
1 0.4 1.6 1 0
1 0.4 1.7 1 0
1 0.4 1.8 1 0
1 0.4 1.9 1 0
1 0.4 2 1 0
1 0.5 0.1 1 0
1 0.5 0.2 1 0
1 0.5 0.3 1 0
1 0.5 0.4 1 0
1 0.5 0.5 1 0
1 0.5 0.6 1 0
1 0.5 0.7 1 0
1 0.5 0.8 1 0
1 0.5 0.9 1 0
1 0.5 1 1 0
1 0.5 1.1 1 0
1 0.5 1.2 1 0
1 0.5 1.3 1 0
1 0.5 1.4 1 0
1 0.5 1.5 1 0
1 0.5 1.6 1 0
1 0.5 1.7 1 0
1 0.5 1.8 1 0
1 0.5 1.9 1 0
1 0.5 2 1 0
1 0.6 0.1 1 0
1 0.6 0.2 1 0
1 0.6 0.3 1 0
1 0.6 0.4 1 0
1 0.6 0.5 1 0
1 0.6 0.6 1 0
1 0.6 0.7 1 0
1 0.6 0.8 1 0
1 0.6 0.9 1 0
1 0.6 1 1 0
1 0.6 1.1 1 0
1 0.6 1.2 1 0
1 0.6 1.3 1 0
1 0.6 1.4 1 0
1 0.6 1.5 1 0
1 0.6 1.6 1 0
1 0.6 1.7 1 0
1 0.6 1.8 1 0
1 0.6 1.9 1 0
1 0.6 2 1 0
1 0.7 0.1 1 0
1 0.7 0.2 1 0
1 0.7 0.3 1 0
1 0.7 0.4 1 0
1 0.7 0.5 1 0
1 0.7 0.6 1 0
1 0.7 0.7 1 0
1 0.7 0.8 1 0
1 0.7 0.9 1 0
1 0.7 1 1 0
1 0.7 1.1 1 0
1 0.7 1.2 1 0
1 0.7 1.3 1 0
1 0.7 1.4 1 0
1 0.7 1.5 1 0
1 0.7 1.6 1 0
1 0.7 1.7 1 0
1 0.7 1.8 1 0
1 0.7 1.9 1 0
1 0.7 2 1 0
1 0.8 0.1 1 0
1 0.8 0.2 1 0
1 0.8 0.3 1 0
1 0.8 0.4 1 0
1 0.8 0.5 1 0
1 0.8 0.6 1 0
1 0.8 0.7 1 0
1 0.8 0.8 1 0
1 0.8 0.9 1 0
1 0.8 1 1 0
1 0.8 1.1 1 0
1 0.8 1.2 1 0
1 0.8 1.3 1 0
1 0.8 1.4 1 0
1 0.8 1.5 1 0
1 0.8 1.6 1 0
1 0.8 1.7 1 0
1 0.8 1.8 1 0
1 0.8 1.9 1 0
1 0.8 2 1 0
1 0.9 0.1 1 0
1 0.9 0.2 1 0
1 0.9 0.3 1 0
1 0.9 0.4 1 0
1 0.9 0.5 1 0
1 0.9 0.6 1 0
1 0.9 0.7 1 0
1 0.9 0.8 1 0
1 0.9 0.9 1 0
1 0.9 1 1 0
1 0.9 1.1 1 0
1 0.9 1.2 1 0
1 0.9 1.3 1 0
1 0.9 1.4 1 0
1 0.9 1.5 1 0
1 0.9 1.6 1 0
1 0.9 1.7 1 0
1 0.9 1.8 1 0
1 0.9 1.9 1 0
1 0.9 2 1 0
1 1 0.1 1 0
1 1 0.2 1 0
1 1 0.3 1 0
1 1 0.4 1 0
1 1 0.5 1 0
1 1 0.6 1 0
1 1 0.7 1 0
1 1 0.8 1 0
1 1 0.9 1 0
1 1 1 1 0
1 1 1.1 1 0
1 1 1.2 1 0
1 1 1.3 1 0
1 1 1.4 1 0
1 1 1.5 1 0
1 1 1.6 1 0
1 1 1.7 1 0
1 1 1.8 1 0
1 1 1.9 1 0
1 1 2 1 0
