1 0 0 1 -nan
1 0.001 0 1 -nan
1 0.002 0 1 0
1 0.003 0 1 0
1 0.004 0 1 0
1 0.005 0 1 0
1 0.006 0 1 0
1 0.007 0 1 0
1 0.008 0 1 0
1 0.009 0 1 0
1 0.01 0 1 0
1 0.02 0 1 0
1 0.03 0 1 0
1 0.04 0 1 0
1 0.05 0 1 0
1 0.06 0 1 0
1 0.07 0 1 0
1 0.08 0 1 0
1 0.09 0 1 0
1 0.1 0 1 0
1 0.2 0 1 0
1 0.3 0 1 0
1 0.4 0 1 0
1 0.5 0 1 0
1 0.6 0 1 0
1 0.7 0 1 0
1 0.8 0 1 0
1 0.9 0 1 0
1 1 0 1 0
1.05 0 0 0.952381 -nan
1.05 0.001 0 0.997418 0.0341411
1.05 0.002 0 0.99981 0.00951131
1.05 0.003 0 0.999905 0.00673162
1.05 0.004 0 1 0
1.05 0.005 0 1 0
1.05 0.006 0 1 0
1.05 0.007 0 1 0
1.05 0.008 0 1 0
1.05 0.009 0 1 0
1.05 0.01 0 1 0
1.05 0.02 0 1 0
1.05 0.03 0 1 0
1.05 0.04 0 1 0
1.05 0.05 0 1 0
1.05 0.06 0 1 0
1.05 0.07 0 1 0
1.05 0.08 0 1 0
1.05 0.09 0 1 0
1.05 0.1 0 1 0
1.05 0.2 0 1 0
1.05 0.3 0 1 0
1.05 0.4 0 1 0
1.05 0.5 0 1 0
1.05 0.6 0 1 0
1.05 0.7 0 1 0
1.05 0.8 0 1 0
1.05 0.9 0 1 0
1.05 1 0 1 0
1.1 0 0 0.909091 2.43244e-07
1.1 0.001 0 0.994397 0.06637
1.1 0.002 0 0.999629 0.0181697
1.1 0.003 0 0.999818 0.0128524
1.1 0.004 0 1 0
1.1 0.005 0 1 0
1.1 0.006 0 1 0
1.1 0.007 0 1 0
1.1 0.008 0 1 0
1.1 0.009 0 1 0
1.1 0.01 0 1 0
1.1 0.02 0 1 0
1.1 0.03 0 1 0
1.1 0.04 0 1 0
1.1 0.05 0 1 0
1.1 0.06 0 1 0
1.1 0.07 0 1 0
1.1 0.08 0 1 0
1.1 0.09 0 1 0
1.1 0.1 0 1 0
1.1 0.2 0 1 0
1.1 0.3 0 1 0
1.1 0.4 0 1 0
1.1 0.5 0 1 0
1.1 0.6 0 1 0
1.1 0.7 0 1 0
1.1 0.8 0 1 0
1.1 0.9 0 1 0
1.1 1 0 1 0
1.15 0 0 0.869565 -nan
1.15 0.001 0 0.989546 0.0998297
1.15 0.002 0 0.999251 0.0273513
1.15 0.003 0 0.999699 0.0186673
1.15 0.004 0 1 0
1.15 0.005 0 1 0
1.15 0.006 0 1 0
1.15 0.007 0 1 0
1.15 0.008 0 1 0
1.15 0.009 0 1 0
1.15 0.01 0 1 0
1.15 0.02 0 1 0
1.15 0.03 0 1 0
1.15 0.04 0 1 0
1.15 0.05 0 1 0
1.15 0.06 0 1 0
1.15 0.07 0 1 0
1.15 0.08 0 1 0
1.15 0.09 0 1 0
1.15 0.1 0 1 0
1.15 0.2 0 1 0
1.15 0.3 0 1 0
1.15 0.4 0 1 0
1.15 0.5 0 1 0
1.15 0.6 0 1 0
1.15 0.7 0 1 0
1.15 0.8 0 1 0
1.15 0.9 0 1 0
1.15 1 0 1 0
1.2 0 0 0.833333 -nan
1.2 0.001 0 0.982614 0.135595
1.2 0.002 0 0.998541 0.038892
1.2 0.003 0 0.999518 0.0251284
1.2 0.004 0 0.999971 0.00294994
1.2 0.005 0 1 0
1.2 0.006 0 1 0
1.2 0.007 0 1 0
1.2 0.008 0 1 0
1.2 0.009 0 1 0
1.2 0.01 0 1 0
1.2 0.02 0 1 0
1.2 0.03 0 1 0
1.2 0.04 0 1 0
1.2 0.05 0 1 0
1.2 0.06 0 1 0
1.2 0.07 0 1 0
1.2 0.08 0 1 0
1.2 0.09 0 1 0
1.2 0.1 0 1 0
1.2 0.2 0 1 0
1.2 0.3 0 1 0
1.2 0.4 0 1 0
1.2 0.5 0 1 0
1.2 0.6 0 1 0
1.2 0.7 0 1 0
1.2 0.8 0 1 0
1.2 0.9 0 1 0
1.2 1 0 1 0
1.25 0 0 0.8 2.73254e-07
1.25 0.001 0 0.973563 0.1726
1.25 0.002 0 0.997386 0.0529384
1.25 0.003 0 0.999351 0.0317423
1.25 0.004 0 0.999937 0.00628359
1.25 0.005 0 1 0
1.25 0.006 0 1 0
1.25 0.007 0 1 0
1.25 0.008 0 1 0
1.25 0.009 0 1 0
1.25 0.01 0 1 0
1.25 0.02 0 1 0
1.25 0.03 0 1 0
1.25 0.04 0 1 0
1.25 0.05 0 1 0
1.25 0.06 0 1 0
1.25 0.07 0 1 0
1.25 0.08 0 1 0
1.25 0.09 0 1 0
1.25 0.1 0 1 0
1.25 0.2 0 1 0
1.25 0.3 0 1 0
1.25 0.4 0 1 0
1.25 0.5 0 1 0
1.25 0.6 0 1 0
1.25 0.7 0 1 0
1.25 0.8 0 1 0
1.25 0.9 0 1 0
1.25 1 0 1 0
1.3 0 0 0.769231 1.62155e-07
1.3 0.001 0 0.962406 0.209672
1.3 0.002 0 0.995364 0.070058
1.3 0.003 0 0.999017 0.0386639
1.3 0.004 0 0.999847 0.0102029
1.3 0.005 0 0.999993 0.000731405
1.3 0.006 0 1 0
1.3 0.007 0 1 0
1.3 0.008 0 0.999992 0.000751382
1.3 0.009 0 1 0
1.3 0.01 0 1 0
1.3 0.02 0 1 0
1.3 0.03 0 1 0
1.3 0.04 0 1 0
1.3 0.05 0 1 0
1.3 0.06 0 1 0
1.3 0.07 0 1 0
1.3 0.08 0 1 0
1.3 0.09 0 1 0
1.3 0.1 0 1 0
1.3 0.2 0 1 0
1.3 0.3 0 1 0
1.3 0.4 0 1 0
1.3 0.5 0 1 0
1.3 0.6 0 1 0
1.3 0.7 0 1 0
1.3 0.8 0 1 0
1.3 0.9 0 1 0
1.3 1 0 1 0
1.35 0 0 0.740741 -nan
1.35 0.001 0 0.950041 0.246366
1.35 0.002 0 0.992823 0.0894595
1.35 0.003 0 0.998528 0.0466429
1.35 0.004 0 0.999707 0.0151799
1.35 0.005 0 0.999983 0.00172438
1.35 0.006 0 1 0
1.35 0.007 0 1 0
1.35 0.008 0 0.999986 0.0014113
1.35 0.009 0 1 0
1.35 0.01 0 1 0
1.35 0.02 0 1 0
1.35 0.03 0 1 0
1.35 0.04 0 1 0
1.35 0.05 0 1 0
1.35 0.06 0 1 0
1.35 0.07 0 1 0
1.35 0.08 0 1 0
1.35 0.09 0 1 0
1.35 0.1 0 1 0
1.35 0.2 0 1 0
1.35 0.3 0 1 0
1.35 0.4 0 1 0
1.35 0.5 0 1 0
1.35 0.6 0 1 0
1.35 0.7 0 1 0
1.35 0.8 0 1 0
1.35 0.9 0 1 0
1.35 1 0 1 0
1.4 0 0 0.714286 3.36552e-07
1.4 0.001 0 0.93633 0.281079
1.4 0.002 0 0.989737 0.110455
1.4 0.003 0 0.997842 0.0554979
1.4 0.004 0 0.999512 0.0209767
1.4 0.005 0 0.999969 0.00245979
1.4 0.006 0 1 0
1.4 0.007 0 1 0
1.4 0.008 0 0.999979 0.00207474
1.4 0.009 0 1 0
1.4 0.01 0 1 0
1.4 0.02 0 1 0
1.4 0.03 0 1 0
1.4 0.04 0 1 0
1.4 0.05 0 1 0
1.4 0.06 0 1 0
1.4 0.07 0 1 0
1.4 0.08 0 1 0
1.4 0.09 0 1 0
1.4 0.1 0 1 0
1.4 0.2 0 1 0
1.4 0.3 0 1 0
1.4 0.4 0 1 0
1.4 0.5 0 1 0
1.4 0.6 0 1 0
1.4 0.7 0 1 0
1.4 0.8 0 1 0
1.4 0.9 0 1 0
1.4 1 0 1 0
1.45 0 0 0.689655 -nan
1.45 0.001 0 0.921641 0.313518
1.45 0.002 0 0.985951 0.13242
1.45 0.003 0 0.996991 0.0654218
1.45 0.004 0 0.999277 0.026975
1.45 0.005 0 0.999947 0.003408
1.45 0.006 0 1 0
1.45 0.007 0 1 0
1.45 0.008 0 0.999973 0.00270356
1.45 0.009 0 0.999978 0.00218774
1.45 0.01 0 0.99998 0.0019943
1.45 0.02 0 1 0
1.45 0.03 0 1 0
1.45 0.04 0 1 0
1.45 0.05 0 1 0
1.45 0.06 0 1 0
1.45 0.07 0 1 0
1.45 0.08 0 1 0
1.45 0.09 0 1 0
1.45 0.1 0 1 0
1.45 0.2 0 1 0
1.45 0.3 0 1 0
1.45 0.4 0 1 0
1.45 0.5 0 1 0
1.45 0.6 0 1 0
1.45 0.7 0 1 0
1.45 0.8 0 1 0
1.45 0.9 0 1 0
1.45 1 0 1 0
1.5 0 0 0.666667 2.95834e-07
1.5 0.001 0 0.906497 0.34397
1.5 0.002 0 0.98149 0.15496
1.5 0.003 0 0.995934 0.0761479
1.5 0.004 0 0.998947 0.0333536
1.5 0.005 0 0.999836 0.0066571
1.5 0.006 0 0.999982 0.0017812
1.5 0.007 0 1 0
1.5 0.008 0 0.999967 0.00332055
1.5 0.009 0 0.999972 0.00280472
1.5 0.01 0 0.999974 0.00261129
1.5 0.02 0 1 0
1.5 0.03 0 1 0
1.5 0.04 0 1 0
1.5 0.05 0 1 0
1.5 0.06 0 1 0
1.5 0.07 0 1 0
1.5 0.08 0 1 0
1.5 0.09 0 1 0
1.5 0.1 0 1 0
1.5 0.2 0 1 0
1.5 0.3 0 1 0
1.5 0.4 0 1 0
1.5 0.5 0 1 0
1.5 0.6 0 1 0
1.5 0.7 0 1 0
1.5 0.8 0 1 0
1.5 0.9 0 1 0
1.5 1 0 1 0
1.55 0 0 0.645161 3.74398e-07
1.55 0.001 0 0.891222 0.372617
1.55 0.002 0 0.976473 0.177915
1.55 0.003 0 0.994721 0.0874648
1.55 0.004 0 0.998571 0.0402138
1.55 0.005 0 0.99973 0.0103908
1.55 0.006 0 0.999956 0.00395788
1.55 0.007 0 1 2.28781e-05
1.55 0.008 0 0.999962 0.00381662
1.55 0.009 0 0.999967 0.00330079
1.55 0.01 0 0.999969 0.00310735
1.55 0.02 0 1 0
1.55 0.03 0 1 0
1.55 0.04 0 1 0
1.55 0.05 0 1 0
1.55 0.06 0 1 0
1.55 0.07 0 1 0
1.55 0.08 0 1 0
1.55 0.09 0 1 0
1.55 0.1 0 1 0
1.55 0.2 0 1 0
1.55 0.3 0 1 0
1.55 0.4 0 1 0
1.55 0.5 0 1 0
1.55 0.6 0 1 0
1.55 0.7 0 1 0
1.55 0.8 0 1 0
1.55 0.9 0 1 0
1.55 1 0 1 0
1.6 0 0 0.625 -nan
1.6 0.001 0 0.876057 0.399565
1.6 0.002 0 0.970864 0.200908
1.6 0.003 0 0.993144 0.0994576
1.6 0.004 0 0.998112 0.0473259
1.6 0.005 0 0.999562 0.0147157
1.6 0.006 0 0.999926 0.00604755
1.6 0.007 0 0.999995 0.000533933
1.6 0.008 0 0.999953 0.00470283
1.6 0.009 0 0.999962 0.00382228
1.6 0.01 0 0.999964 0.00362884
1.6 0.02 0 1 0
1.6 0.03 0 1 0
1.6 0.04 0 1 0
1.6 0.05 0 1 0
1.6 0.06 0 1 0
1.6 0.07 0 1 0
1.6 0.08 0 1 0
1.6 0.09 0 1 0
1.6 0.1 0 1 0
1.6 0.2 0 1 0
1.6 0.3 0 1 0
1.6 0.4 0 1 0
1.6 0.5 0 1 0
1.6 0.6 0 1 0
1.6 0.7 0 1 0
1.6 0.8 0 1 0
1.6 0.9 0 1 0
1.6 1 0 1 0
1.65 0 0 0.606061 -nan
1.65 0.001 0 0.860889 0.424112
1.65 0.002 0 0.964639 0.223665
1.65 0.003 0 0.99123 0.112105
1.65 0.004 0 0.997613 0.0546909
1.65 0.005 0 0.999365 0.0200191
1.65 0.006 0 0.999891 0.00809116
1.65 0.007 0 0.999976 0.00156474
1.65 0.008 0 0.99994 0.00568114
1.65 0.009 0 0.999957 0.00431998
1.65 0.01 0 0.999959 0.00412654
1.65 0.02 0 1 0
1.65 0.03 0 1 0
1.65 0.04 0 1 0
1.65 0.05 0 1 0
1.65 0.06 0 1 0
1.65 0.07 0 1 0
1.65 0.08 0 1 0
1.65 0.09 0 1 0
1.65 0.1 0 1 0
1.65 0.2 0 1 0
1.65 0.3 0 1 0
1.65 0.4 0 1 0
1.65 0.5 0 1 0
1.65 0.6 0 1 0
1.65 0.7 0 1 0
1.65 0.8 0 1 0
1.65 0.9 0 1 0
1.65 1 0 1 0
1.7 0 0 0.588235 -nan
1.7 0.001 0 0.84577 0.446276
1.7 0.002 0 0.957881 0.246036
1.7 0.003 0 0.988964 0.125271
1.7 0.004 0 0.996975 0.0622294
1.7 0.005 0 0.999121 0.0255122
1.7 0.006 0 0.999827 0.0104682
1.7 0.007 0 0.999923 0.00415199
1.7 0.008 0 0.999913 0.00666902
1.7 0.009 0 0.999938 0.00492238
1.7 0.01 0 0.99995 0.00456956
1.7 0.02 0 1 0
1.7 0.03 0 1 0
1.7 0.04 0 1 0
1.7 0.05 0 1 0
1.7 0.06 0 1 0
1.7 0.07 0 1 0
1.7 0.08 0 1 0
1.7 0.09 0 1 0
1.7 0.1 0 1 0
1.7 0.2 0 1 0
1.7 0.3 0 1 0
1.7 0.4 0 1 0
1.7 0.5 0 1 0
1.7 0.6 0 1 0
1.7 0.7 0 1 0
1.7 0.8 0 1 0
1.7 0.9 0 1 0
1.7 1 0 1 0
1.75 0 0 0.571429 3.57253e-07
1.75 0.001 0 0.83088 0.466507
1.75 0.002 0 0.950781 0.268189
1.75 0.003 0 0.986357 0.139037
1.75 0.004 0 0.996239 0.0698252
1.75 0.005 0 0.998827 0.0312977
1.75 0.006 0 0.999762 0.0126614
1.75 0.007 0 0.999875 0.00573437
1.75 0.008 0 0.999861 0.00908152
1.75 0.009 0 0.999909 0.00611995
1.75 0.01 0 0.999941 0.00510457
1.75 0.02 0 1 0
1.75 0.03 0 1 0
1.75 0.04 0 1 0
1.75 0.05 0 1 0
1.75 0.06 0 1 0
1.75 0.07 0 1 0
1.75 0.08 0 1 0
1.75 0.09 0 1 0
1.75 0.1 0 1 0
1.75 0.2 0 1 0
1.75 0.3 0 1 0
1.75 0.4 0 1 0
1.75 0.5 0 1 0
1.75 0.6 0 1 0
1.75 0.7 0 1 0
1.75 0.8 0 1 0
1.75 0.9 0 1 0
1.75 1 0 1 0
1.8 0 0 0.555556 3.88884e-07
1.8 0.001 0 0.816341 0.485104
1.8 0.002 0 0.943243 0.289574
1.8 0.003 0 0.983412 0.15323
1.8 0.004 0 0.995355 0.0779024
1.8 0.005 0 0.998492 0.0371043
1.8 0.006 0 0.999683 0.0146326
1.8 0.007 0 0.99982 0.00712728
1.8 0.008 0 0.999813 0.0104626
1.8 0.009 0 0.999889 0.00713029
1.8 0.01 0 0.999933 0.0055509
1.8 0.02 0 1 0
1.8 0.03 0 1 0
1.8 0.04 0 1 0
1.8 0.05 0 1 0
1.8 0.06 0 1 0
1.8 0.07 0 1 0
1.8 0.08 0 1 0
1.8 0.09 0 1 0
1.8 0.1 0 1 0
1.8 0.2 0 1 0
1.8 0.3 0 1 0
1.8 0.4 0 1 0
1.8 0.5 0 1 0
1.8 0.6 0 1 0
1.8 0.7 0 1 0
1.8 0.8 0 1 0
1.8 0.9 0 1 0
1.8 1 0 1 0
1.85 0 0 0.540541 3.85147e-07
1.85 0.001 0 0.802197 0.502372
1.85 0.002 0 0.935362 0.310054
1.85 0.003 0 0.980202 0.167833
1.85 0.004 0 0.994355 0.0864214
1.85 0.005 0 0.998034 0.0435434
1.85 0.006 0 0.999533 0.0171674
1.85 0.007 0 0.999702 0.00964219
1.85 0.008 0 0.99974 0.0119958
1.85 0.009 0 0.999829 0.0084155
1.85 0.01 0 0.999888 0.00696028
1.85 0.02 0 1 0
1.85 0.03 0 1 0
1.85 0.04 0 1 0
1.85 0.05 0 1 0
1.85 0.06 0 1 0
1.85 0.07 0 1 0
1.85 0.08 0 1 0
1.85 0.09 0 1 0
1.85 0.1 0 1 0
1.85 0.2 0 1 0
1.85 0.3 0 1 0
1.85 0.4 0 1 0
1.85 0.5 0 1 0
1.85 0.6 0 1 0
1.85 0.7 0 1 0
1.85 0.8 0 1 0
1.85 0.9 0 1 0
1.85 1 0 1 0
1.9 0 0 0.526316 -nan
1.9 0.001 0 0.7884 0.518045
1.9 0.002 0 0.927275 0.330124
1.9 0.003 0 0.976834 0.182838
1.9 0.004 0 0.993179 0.0952779
1.9 0.005 0 0.997494 0.0502365
1.9 0.006 0 0.999325 0.0206838
1.9 0.007 0 0.999547 0.0132903
1.9 0.008 0 0.999651 0.0139379
1.9 0.009 0 0.999754 0.0101719
1.9 0.01 0 0.999836 0.00858533
1.9 0.02 0 1 0
1.9 0.03 0 1 0
1.9 0.04 0 1 0
1.9 0.05 0 1 0
1.9 0.06 0 1 0
1.9 0.07 0 1 0
1.9 0.08 0 1 0
1.9 0.09 0 1 0
1.9 0.1 0 1 0
1.9 0.2 0 1 0
1.9 0.3 0 1 0
1.9 0.4 0 1 0
1.9 0.5 0 1 0
1.9 0.6 0 1 0
1.9 0.7 0 1 0
1.9 0.8 0 1 0
1.9 0.9 0 1 0
1.9 1 0 1 0
1.95 0 0 0.512821 4.05966e-07
1.95 0.001 0 0.774913 0.532077
1.95 0.002 0 0.918851 0.349288
1.95 0.003 0 0.973158 0.197902
1.95 0.004 0 0.99187 0.104455
1.95 0.005 0 0.99693 0.0569213
1.95 0.006 0 0.999093 0.0246131
1.95 0.007 0 0.999396 0.0170245
1.95 0.008 0 0.99957 0.0156533
1.95 0.009 0 0.999692 0.0121302
1.95 0.01 0 0.999784 0.0105563
1.95 0.02 0 1 0
1.95 0.03 0 1 0
1.95 0.04 0 1 0
1.95 0.05 0 1 0
1.95 0.06 0 1 0
1.95 0.07 0 1 0
1.95 0.08 0 1 0
1.95 0.09 0 1 0
1.95 0.1 0 1 0
1.95 0.2 0 1 0
1.95 0.3 0 1 0
1.95 0.4 0 1 0
1.95 0.5 0 1 0
1.95 0.6 0 1 0
1.95 0.7 0 1 0
1.95 0.8 0 1 0
1.95 0.9 0 1 0
1.95 1 0 1 0
2 0 0 0.5 0
2 0.001 0 0.761728 0.544773
2 0.002 0 0.910122 0.367481
2 0.003 0 0.969273 0.213058
2 0.004 0 0.990355 0.113946
2 0.005 0 0.996251 0.0637585
2 0.006 0 0.998841 0.0287314
2 0.007 0 0.999213 0.0208549
2 0.008 0 0.999432 0.0182755
2 0.009 0 0.999646 0.013782
2 0.01 0 0.99975 0.0120325
2 0.02 0 1 0
2 0.03 0 1 0
2 0.04 0 1 0
2 0.05 0 1 0
2 0.06 0 1 0
2 0.07 0 1 0
2 0.08 0 1 0
2 0.09 0 1 0
2 0.1 0 1 0
2 0.2 0 1 0
2 0.3 0 1 0
2 0.4 0 1 0
2 0.5 0 1 0
2 0.6 0 1 0
2 0.7 0 1 0
2 0.8 0 1 0
2 0.9 0 1 0
2 1 0 1 0
8009.86 s elapsed
