1 0 0 1 0
1 0.001 0 1 0
1 0.002 0 1 0
1 0.003 0 1 0
1 0.004 0 1 0
1 0.005 0 1 0
1 0.006 0 1 0
1 0.007 0 1 0
1 0.008 0 1 0
1 0.009 0 1 0
1 0.01 0 1 0
1 0.02 0 1 0
1 0.03 0 1 0
1 0.04 0 1 0
1 0.05 0 1 0
1 0.06 0 1 0
1 0.07 0 1 0
1 0.08 0 1 0
1 0.09 0 1 0
1 0.1 0 1 0
1 0.2 0 1 0
1 0.3 0 1 0
1 0.4 0 1 0
1 0.5 0 1 0
1 0.6 0 1 0
1 0.7 0 1 0
1 0.8 0 1 0
1 0.9 0 1 0
1 1 0 1 0
1.05 0 0 0.952381 1.80969e-07
1.05 0.001 0 0.998402 0.0495128
1.05 0.002 0 0.999841 0.0158755
1.05 0.003 0 1 0
1.05 0.004 0 1 0
1.05 0.005 0 1 0
1.05 0.006 0 1 0
1.05 0.007 0 1 0
1.05 0.008 0 1 0
1.05 0.009 0 1 0
1.05 0.01 0 1 0
1.05 0.02 0 1 0
1.05 0.03 0 1 0
1.05 0.04 0 1 0
1.05 0.05 0 1 0
1.05 0.06 0 1 0
1.05 0.07 0 1 0
1.05 0.08 0 1 0
1.05 0.09 0 1 0
1.05 0.1 0 1 0
1.05 0.2 0 1 0
1.05 0.3 0 1 0
1.05 0.4 0 1 0
1.05 0.5 0 1 0
1.05 0.6 0 1 0
1.05 0.7 0 1 0
1.05 0.8 0 1 0
1.05 0.9 0 1 0
1.05 1 0 1 0
1.1 0 0 0.909091 6.70289e-08
1.1 0.001 0 0.99635 0.0974022
1.1 0.002 0 0.999692 0.0303145
1.1 0.003 0 1 0
1.1 0.004 0 1 0
1.1 0.005 0 1 0
1.1 0.006 0 1 0
1.1 0.007 0 1 0
1.1 0.008 0 1 0
1.1 0.009 0 1 0
1.1 0.01 0 1 0
1.1 0.02 0 1 0
1.1 0.03 0 1 0
1.1 0.04 0 1 0
1.1 0.05 0 1 0
1.1 0.06 0 1 0
1.1 0.07 0 1 0
1.1 0.08 0 1 0
1.1 0.09 0 1 0
1.1 0.1 0 1 0
1.1 0.2 0 1 0
1.1 0.3 0 1 0
1.1 0.4 0 1 0
1.1 0.5 0 1 0
1.1 0.6 0 1 0
1.1 0.7 0 1 0
1.1 0.8 0 1 0
1.1 0.9 0 1 0
1.1 1 0 1 0
1.15 0 0 0.869565 7.00757e-08
1.15 0.001 0 0.992482 0.149809
1.15 0.002 0 0.999334 0.0460447
1.15 0.003 0 1 0
1.15 0.004 0 1 0
1.15 0.005 0 1 0
1.15 0.006 0 1 0
1.15 0.007 0 1 0
1.15 0.008 0 1 0
1.15 0.009 0 1 0
1.15 0.01 0 1 0
1.15 0.02 0 1 0
1.15 0.03 0 1 0
1.15 0.04 0 1 0
1.15 0.05 0 1 0
1.15 0.06 0 1 0
1.15 0.07 0 1 0
1.15 0.08 0 1 0
1.15 0.09 0 1 0
1.15 0.1 0 1 0
1.15 0.2 0 1 0
1.15 0.3 0 1 0
1.15 0.4 0 1 0
1.15 0.5 0 1 0
1.15 0.6 0 1 0
1.15 0.7 0 1 0
1.15 0.8 0 1 0
1.15 0.9 0 1 0
1.15 1 0 1 0
1.2 0 0 0.833333 0
1.2 0.001 0 0.986732 0.209562
1.2 0.002 0 0.99884 0.0655508
1.2 0.003 0 1 0
1.2 0.004 0 1 0
1.2 0.005 0 1 0
1.2 0.006 0 1 0
1.2 0.007 0 1 0
1.2 0.008 0 1 0
1.2 0.009 0 1 0
1.2 0.01 0 1 0
1.2 0.02 0 1 0
1.2 0.03 0 1 0
1.2 0.04 0 1 0
1.2 0.05 0 1 0
1.2 0.06 0 1 0
1.2 0.07 0 1 0
1.2 0.08 0 1 0
1.2 0.09 0 1 0
1.2 0.1 0 1 0
1.2 0.2 0 1 0
1.2 0.3 0 1 0
1.2 0.4 0 1 0
1.2 0.5 0 1 0
1.2 0.6 0 1 0
1.2 0.7 0 1 0
1.2 0.8 0 1 0
1.2 0.9 0 1 0
1.2 1 0 1 0
1.25 0 0 0.8 0
1.25 0.001 0 0.978778 0.272972
1.25 0.002 0 0.997914 0.0876688
1.25 0.003 0 1 0
1.25 0.004 0 1 0
1.25 0.005 0 1 0
1.25 0.006 0 1 0
1.25 0.007 0 1 0
1.25 0.008 0 1 0
1.25 0.009 0 1 0
1.25 0.01 0 1 0
1.25 0.02 0 1 0
1.25 0.03 0 1 0
1.25 0.04 0 1 0
1.25 0.05 0 1 0
1.25 0.06 0 1 0
1.25 0.07 0 1 0
1.25 0.08 0 1 0
1.25 0.09 0 1 0
1.25 0.1 0 1 0
1.25 0.2 0 1 0
1.25 0.3 0 1 0
1.25 0.4 0 1 0
1.25 0.5 0 1 0
1.25 0.6 0 1 0
1.25 0.7 0 1 0
1.25 0.8 0 1 0
1.25 0.9 0 1 0
1.25 1 0 1 0
1.3 0 0 0.769231 0
1.3 0.001 0 0.968857 0.33854
1.3 0.002 0 0.996139 0.115955
1.3 0.003 0 0.999936 0.00576784
1.3 0.004 0 0.999994 0.000647505
1.3 0.005 0 1 0
1.3 0.006 0 1 0
1.3 0.007 0 1 0
1.3 0.008 0 1 0
1.3 0.009 0 1 0
1.3 0.01 0 1 0
1.3 0.02 0 1 0
1.3 0.03 0 1 0
1.3 0.04 0 1 0
1.3 0.05 0 1 0
1.3 0.06 0 1 0
1.3 0.07 0 1 0
1.3 0.08 0 1 0
1.3 0.09 0 1 0
1.3 0.1 0 1 0
1.3 0.2 0 1 0
1.3 0.3 0 1 0
1.3 0.4 0 1 0
1.3 0.5 0 1 0
1.3 0.6 0 1 0
1.3 0.7 0 1 0
1.3 0.8 0 1 0
1.3 0.9 0 1 0
1.3 1 0 1 0
1.35 0 0 0.740741 0
1.35 0.001 0 0.95777 0.404042
1.35 0.002 0 0.994118 0.148265
1.35 0.003 0 0.999739 0.0189241
1.35 0.004 0 0.999867 0.0106284
1.35 0.005 0 1 0
1.35 0.006 0 1 0
1.35 0.007 0 1 0
1.35 0.008 0 1 0
1.35 0.009 0 1 0
1.35 0.01 0 1 0
1.35 0.02 0 1 0
1.35 0.03 0 1 0
1.35 0.04 0 1 0
1.35 0.05 0 1 0
1.35 0.06 0 1 0
1.35 0.07 0 1 0
1.35 0.08 0 1 0
1.35 0.09 0 1 0
1.35 0.1 0 1 0
1.35 0.2 0 1 0
1.35 0.3 0 1 0
1.35 0.4 0 1 0
1.35 0.5 0 1 0
1.35 0.6 0 1 0
1.35 0.7 0 1 0
1.35 0.8 0 1 0
1.35 0.9 0 1 0
1.35 1 0 1 0
1.4 0 0 0.714286 1.20646e-07
1.4 0.001 0 0.944539 0.464547
1.4 0.002 0 0.991595 0.182876
1.4 0.003 0 0.999517 0.0275623
1.4 0.004 0 0.999668 0.023674
1.4 0.005 0 1 0
1.4 0.006 0 1 0
1.4 0.007 0 1 0
1.4 0.008 0 1 0
1.4 0.009 0 1 0
1.4 0.01 0 1 0
1.4 0.02 0 1 0
1.4 0.03 0 1 0
1.4 0.04 0 1 0
1.4 0.05 0 1 0
1.4 0.06 0 1 0
1.4 0.07 0 1 0
1.4 0.08 0 1 0
1.4 0.09 0 1 0
1.4 0.1 0 1 0
1.4 0.2 0 1 0
1.4 0.3 0 1 0
1.4 0.4 0 1 0
1.4 0.5 0 1 0
1.4 0.6 0 1 0
1.4 0.7 0 1 0
1.4 0.8 0 1 0
1.4 0.9 0 1 0
1.4 1 0 1 0
1.45 0 0 0.689655 6.24773e-08
1.45 0.001 0 0.929797 0.520369
1.45 0.002 0 0.9883 0.219452
1.45 0.003 0 0.999041 0.0405246
1.45 0.004 0 0.999527 0.033786
1.45 0.005 0 1 0
1.45 0.006 0 1 0
1.45 0.007 0 1 0
1.45 0.008 0 1 0
1.45 0.009 0 1 0
1.45 0.01 0 1 0
1.45 0.02 0 1 0
1.45 0.03 0 1 0
1.45 0.04 0 1 0
1.45 0.05 0 1 0
1.45 0.06 0 1 0
1.45 0.07 0 1 0
1.45 0.08 0 1 0
1.45 0.09 0 1 0
1.45 0.1 0 1 0
1.45 0.2 0 1 0
1.45 0.3 0 1 0
1.45 0.4 0 1 0
1.45 0.5 0 1 0
1.45 0.6 0 1 0
1.45 0.7 0 1 0
1.45 0.8 0 1 0
1.45 0.9 0 1 0
1.45 1 0 1 0
1.5 0 0 0.666667 9.14031e-08
1.5 0.001 0 0.91473 0.574187
1.5 0.002 0 0.984312 0.257682
1.5 0.003 0 0.998354 0.0577675
1.5 0.004 0 0.999409 0.0411594
1.5 0.005 0 0.999985 0.00150982
1.5 0.006 0 1 0
1.5 0.007 0 1 0
1.5 0.008 0 1 0
1.5 0.009 0 1 0
1.5 0.01 0 1 0
1.5 0.02 0 1 0
1.5 0.03 0 1 0
1.5 0.04 0 1 0
1.5 0.05 0 1 0
1.5 0.06 0 1 0
1.5 0.07 0 1 0
1.5 0.08 0 1 0
1.5 0.09 0 1 0
1.5 0.1 0 1 0
1.5 0.2 0 1 0
1.5 0.3 0 1 0
1.5 0.4 0 1 0
1.5 0.5 0 1 0
1.5 0.6 0 1 0
1.5 0.7 0 1 0
1.5 0.8 0 1 0
1.5 0.9 0 1 0
1.5 1 0 1 0
1.55 0 0 0.645161 0
1.55 0.001 0 0.89936 0.624371
1.55 0.002 0 0.979558 0.297186
1.55 0.003 0 0.997332 0.0779662
1.55 0.004 0 0.999283 0.0483986
1.55 0.005 0 0.999952 0.0035878
1.55 0.006 0 0.999985 0.00152168
1.55 0.007 0 1 0
1.55 0.008 0 1 0
1.55 0.009 0 1 0
1.55 0.01 0 1 0
1.55 0.02 0 1 0
1.55 0.03 0 1 0
1.55 0.04 0 1 0
1.55 0.05 0 1 0
1.55 0.06 0 1 0
1.55 0.07 0 1 0
1.55 0.08 0 1 0
1.55 0.09 0 1 0
1.55 0.1 0 1 0
1.55 0.2 0 1 0
1.55 0.3 0 1 0
1.55 0.4 0 1 0
1.55 0.5 0 1 0
1.55 0.6 0 1 0
1.55 0.7 0 1 0
1.55 0.8 0 1 0
1.55 0.9 0 1 0
1.55 1 0 1 0
1.6 0 0 0.625 0
1.6 0.001 0 0.883969 0.670924
1.6 0.002 0 0.97416 0.337717
1.6 0.003 0 0.995941 0.101105
1.6 0.004 0 0.999028 0.0557383
1.6 0.005 0 0.999885 0.00672625
1.6 0.006 0 0.999968 0.00320487
1.6 0.007 0 1 0
1.6 0.008 0 1 0
1.6 0.009 0 1 0
1.6 0.01 0 1 0
1.6 0.02 0 1 0
1.6 0.03 0 1 0
1.6 0.04 0 1 0
1.6 0.05 0 1 0
1.6 0.06 0 1 0
1.6 0.07 0 1 0
1.6 0.08 0 1 0
1.6 0.09 0 1 0
1.6 0.1 0 1 0
1.6 0.2 0 1 0
1.6 0.3 0 1 0
1.6 0.4 0 1 0
1.6 0.5 0 1 0
1.6 0.6 0 1 0
1.6 0.7 0 1 0
1.6 0.8 0 1 0
1.6 0.9 0 1 0
1.6 1 0 1 0
1.65 0 0 0.606061 1.2314e-07
1.65 0.001 0 0.868552 0.713234
1.65 0.002 0 0.96802 0.378307
1.65 0.003 0 0.994218 0.125747
1.65 0.004 0 0.998699 0.0641777
1.65 0.005 0 0.999823 0.00952636
1.65 0.006 0 0.999952 0.00482682
1.65 0.007 0 0.999976 0.00243823
1.65 0.008 0 1 0
1.65 0.009 0 1 0
1.65 0.01 0 1 0
1.65 0.02 0 1 0
1.65 0.03 0 1 0
1.65 0.04 0 1 0
1.65 0.05 0 1 0
1.65 0.06 0 1 0
1.65 0.07 0 1 0
1.65 0.08 0 1 0
1.65 0.09 0 1 0
1.65 0.1 0 1 0
1.65 0.2 0 1 0
1.65 0.3 0 1 0
1.65 0.4 0 1 0
1.65 0.5 0 1 0
1.65 0.6 0 1 0
1.65 0.7 0 1 0
1.65 0.8 0 1 0
1.65 0.9 0 1 0
1.65 1 0 1 0
1.7 0 0 0.588235 0
1.7 0.001 0 0.853182 0.75121
1.7 0.002 0 0.961322 0.419019
1.7 0.003 0 0.992165 0.152062
1.7 0.004 0 0.998244 0.0735544
1.7 0.005 0 0.999698 0.0131925
1.7 0.006 0 0.999937 0.00628316
1.7 0.007 0 0.999936 0.00643245
1.7 0.008 0 1 0
1.7 0.009 0 1 0
1.7 0.01 0 1 0
1.7 0.02 0 1 0
1.7 0.03 0 1 0
1.7 0.04 0 1 0
1.7 0.05 0 1 0
1.7 0.06 0 1 0
1.7 0.07 0 1 0
1.7 0.08 0 1 0
1.7 0.09 0 1 0
1.7 0.1 0 1 0
1.7 0.2 0 1 0
1.7 0.3 0 1 0
1.7 0.4 0 1 0
1.7 0.5 0 1 0
1.7 0.6 0 1 0
1.7 0.7 0 1 0
1.7 0.8 0 1 0
1.7 0.9 0 1 0
1.7 1 0 1 0
1.75 0 0 0.571429 1.06637e-07
1.75 0.001 0 0.838038 0.785512
1.75 0.002 0 0.954561 0.460315
1.75 0.003 0 0.989616 0.180469
1.75 0.004 0 0.997576 0.0847796
1.75 0.005 0 0.999555 0.0184297
1.75 0.006 0 0.999924 0.00761366
1.75 0.007 0 0.999922 0.00776296
1.75 0.008 0 1 0
1.75 0.009 0 1 0
1.75 0.01 0 1 0
1.75 0.02 0 1 0
1.75 0.03 0 1 0
1.75 0.04 0 1 0
1.75 0.05 0 1 0
1.75 0.06 0 1 0
1.75 0.07 0 1 0
1.75 0.08 0 1 0
1.75 0.09 0 1 0
1.75 0.1 0 1 0
1.75 0.2 0 1 0
1.75 0.3 0 1 0
1.75 0.4 0 1 0
1.75 0.5 0 1 0
1.75 0.6 0 1 0
1.75 0.7 0 1 0
1.75 0.8 0 1 0
1.75 0.9 0 1 0
1.75 1 0 1 0
1.8 0 0 0.555556 1.09684e-07
1.8 0.001 0 0.823358 0.817611
1.8 0.002 0 0.94737 0.499955
1.8 0.003 0 0.98688 0.20935
1.8 0.004 0 0.996639 0.0983177
1.8 0.005 0 0.99943 0.0218894
1.8 0.006 0 0.999877 0.00955384
1.8 0.007 0 0.999908 0.00915229
1.8 0.008 0 1 0
1.8 0.009 0 1 0
1.8 0.01 0 1 0
1.8 0.02 0 1 0
1.8 0.03 0 1 0
1.8 0.04 0 1 0
1.8 0.05 0 1 0
1.8 0.06 0 1 0
1.8 0.07 0 1 0
1.8 0.08 0 1 0
1.8 0.09 0 1 0
1.8 0.1 0 1 0
1.8 0.2 0 1 0
1.8 0.3 0 1 0
1.8 0.4 0 1 0
1.8 0.5 0 1 0
1.8 0.6 0 1 0
1.8 0.7 0 1 0
1.8 0.8 0 1 0
1.8 0.9 0 1 0
1.8 1 0 1 0
1.85 0 0 0.540541 2.64376e-07
1.85 0.001 0 0.809118 0.847155
1.85 0.002 0 0.939752 0.537702
1.85 0.003 0 0.983739 0.238501
1.85 0.004 0 0.995598 0.113748
1.85 0.005 0 0.999225 0.0267401
1.85 0.006 0 0.999799 0.0123793
1.85 0.007 0 0.999882 0.0105595
1.85 0.008 0 1 0
1.85 0.009 0 1 0
1.85 0.01 0 1 0
1.85 0.02 0 1 0
1.85 0.03 0 1 0
1.85 0.04 0 1 0
1.85 0.05 0 1 0
1.85 0.06 0 1 0
1.85 0.07 0 1 0
1.85 0.08 0 1 0
1.85 0.09 0 1 0
1.85 0.1 0 1 0
1.85 0.2 0 1 0
1.85 0.3 0 1 0
1.85 0.4 0 1 0
1.85 0.5 0 1 0
1.85 0.6 0 1 0
1.85 0.7 0 1 0
1.85 0.8 0 1 0
1.85 0.9 0 1 0
1.85 1 0 1 0
1.9 0 0 0.526316 1.63734e-07
1.9 0.001 0 0.795291 0.874387
1.9 0.002 0 0.931833 0.573865
1.9 0.003 0 0.980286 0.268672
1.9 0.004 0 0.994495 0.130586
1.9 0.005 0 0.99895 0.0333563
1.9 0.006 0 0.999708 0.0148795
1.9 0.007 0 0.999817 0.0125795
1.9 0.008 0 1 0
1.9 0.009 0 1 0
1.9 0.01 0 1 0
1.9 0.02 0 1 0
1.9 0.03 0 1 0
1.9 0.04 0 1 0
1.9 0.05 0 1 0
1.9 0.06 0 1 0
1.9 0.07 0 1 0
1.9 0.08 0 1 0
1.9 0.09 0 1 0
1.9 0.1 0 1 0
1.9 0.2 0 1 0
1.9 0.3 0 1 0
1.9 0.4 0 1 0
1.9 0.5 0 1 0
1.9 0.6 0 1 0
1.9 0.7 0 1 0
1.9 0.8 0 1 0
1.9 0.9 0 1 0
1.9 1 0 1 0
1.95 0 0 0.512821 0
1.95 0.001 0 0.781779 0.898169
1.95 0.002 0 0.923665 0.608346
1.95 0.003 0 0.976602 0.299012
1.95 0.004 0 0.993228 0.149273
1.95 0.005 0 0.998672 0.0409078
1.95 0.006 0 0.999613 0.0173034
1.95 0.007 0 0.999739 0.0157149
1.95 0.008 0 0.999967 0.00218909
1.95 0.009 0 1 0
1.95 0.01 0 1 0
1.95 0.02 0 1 0
1.95 0.03 0 1 0
1.95 0.04 0 1 0
1.95 0.05 0 1 0
1.95 0.06 0 1 0
1.95 0.07 0 1 0
1.95 0.08 0 1 0
1.95 0.09 0 1 0
1.95 0.1 0 1 0
1.95 0.2 0 1 0
1.95 0.3 0 1 0
1.95 0.4 0 1 0
1.95 0.5 0 1 0
1.95 0.6 0 1 0
1.95 0.7 0 1 0
1.95 0.8 0 1 0
1.95 0.9 0 1 0
1.95 1 0 1 0
2 0 0 0.5 0
2 0.001 0 0.768612 0.919951
2 0.002 0 0.91537 0.641649
2 0.003 0 0.972711 0.329277
2 0.004 0 0.991685 0.168289
2 0.005 0 0.998256 0.048617
2 0.006 0 0.999472 0.0205043
2 0.007 0 0.99958 0.0192758
2 0.008 0 0.999785 0.0113324
2 0.009 0 1 0
2 0.01 0 1 0
2 0.02 0 1 0
2 0.03 0 1 0
2 0.04 0 1 0
2 0.05 0 1 0
2 0.06 0 1 0
2 0.07 0 1 0
2 0.08 0 1 0
2 0.09 0 1 0
2 0.1 0 1 0
2 0.2 0 1 0
2 0.3 0 1 0
2 0.4 0 1 0
2 0.5 0 1 0
2 0.6 0 1 0
2 0.7 0 1 0
2 0.8 0 1 0
2 0.9 0 1 0
2 1 0 1 0
