q r uv perfor se_perfor
0 0 0.2 1 0
0 0 0.4 1 0
0 0 0.6 1 0
0 0 0.8 1 0
0 0 1 1 0
0 0 1.2 0.833333 0
0 0 1.4 0.714286 1.47514e-06
0 0 1.6 0.625 1.19209e-06
0 0 1.8 0.555556 0
0 0 2 0.5 0
0 0.2 0.2 1 0
0 0.2 0.4 1 0
0 0.2 0.6 1 0
0 0.2 0.8 1 0
0 0.2 1 1 0
0 0.2 1.2 0.833333 0
0 0.2 1.4 0.714286 1.47514e-06
0 0.2 1.6 0.625 1.19209e-06
0 0.2 1.8 0.555556 0
0 0.2 2 0.5 0
0 0.4 0.2 1 0
0 0.4 0.4 1 0
0 0.4 0.6 1 0
0 0.4 0.8 1 0
0 0.4 1 1 0
0 0.4 1.2 0.833333 0
0 0.4 1.4 0.714286 1.47514e-06
0 0.4 1.6 0.625 1.19209e-06
0 0.4 1.8 0.555556 0
0 0.4 2 0.5 0
0 0.6 0.2 1 0
0 0.6 0.4 1 0
0 0.6 0.6 1 0
0 0.6 0.8 1 0
0 0.6 1 1 0
0 0.6 1.2 0.833333 0
0 0.6 1.4 0.714286 1.47514e-06
0 0.6 1.6 0.625 1.19209e-06
0 0.6 1.8 0.555556 0
0 0.6 2 0.5 0
0 0.8 0.2 1 0
0 0.8 0.4 1 0
0 0.8 0.6 1 0
0 0.8 0.8 1 0
0 0.8 1 1 0
0 0.8 1.2 0.833333 0
0 0.8 1.4 0.714286 1.47514e-06
0 0.8 1.6 0.625 1.19209e-06
0 0.8 1.8 0.555556 0
0 0.8 2 0.5 0
0 1 0.2 1 0
0 1 0.4 1 0
0 1 0.6 1 0
0 1 0.8 1 0
0 1 1 1 0
0 1 1.2 0.833333 0
0 1 1.4 0.714286 1.47514e-06
0 1 1.6 0.625 1.19209e-06
0 1 1.8 0.555556 0
0 1 2 0.5 0
0.2 0 0.2 1 0
0.2 0 0.4 1 0
0.2 0 0.6 1 0
0.2 0 0.8 1 0
0.2 0 1 1 0
0.2 0 1.2 0.833333 0
0.2 0 1.4 0.714286 1.47514e-06
0.2 0 1.6 0.625 1.19209e-06
0.2 0 1.8 0.555556 0
0.2 0 2 0.5 0
0.2 0.2 0.2 1 0
0.2 0.2 0.4 1 0
0.2 0.2 0.6 1 0
0.2 0.2 0.8 1 0
0.2 0.2 1 1 0
0.2 0.2 1.2 0.999955 0.00447808
0.2 0.2 1.4 0.940431 6.33418
0.2 0.2 1.6 0.895789 11.6335
0.2 0.2 1.8 0.861066 16.1351
0.2 0.2 2 0.833289 20.0064
0.2 0.4 0.2 1 0
0.2 0.4 0.4 1 0
0.2 0.4 0.6 1 0
0.2 0.4 0.8 1 0
0.2 0.4 1 1 0
0.2 0.4 1.2 0.999955 0.00447808
0.2 0.4 1.4 0.940431 6.33418
0.2 0.4 1.6 0.895789 11.6335
0.2 0.4 1.8 0.861066 16.1351
0.2 0.4 2 0.833289 20.0064
0.2 0.6 0.2 1 0
0.2 0.6 0.4 1 0
0.2 0.6 0.6 1 0
0.2 0.6 0.8 1 0
0.2 0.6 1 1 0
0.2 0.6 1.2 0.999955 0.00447808
0.2 0.6 1.4 0.940431 6.33418
0.2 0.6 1.6 0.895789 11.6335
0.2 0.6 1.8 0.861066 16.1351
0.2 0.6 2 0.833289 20.0064
0.2 0.8 0.2 1 0
0.2 0.8 0.4 1 0
0.2 0.8 0.6 1 0
0.2 0.8 0.8 1 0
0.2 0.8 1 1 0
0.2 0.8 1.2 0.999955 0.00447808
0.2 0.8 1.4 0.940431 6.33418
0.2 0.8 1.6 0.895789 11.6335
0.2 0.8 1.8 0.861066 16.1351
0.2 0.8 2 0.833289 20.0064
0.2 1 0.2 1 0
0.2 1 0.4 1 0
0.2 1 0.6 1 0
0.2 1 0.8 1 0
0.2 1 1 1 0
0.2 1 1.2 0.999955 0.00447808
0.2 1 1.4 0.940431 6.33418
0.2 1 1.6 0.895789 11.6335
0.2 1 1.8 0.861066 16.1351
0.2 1 2 0.833289 20.0064
0.4 0 0.2 1 0
0.4 0 0.4 1 0
0.4 0 0.6 1 0
0.4 0 0.8 1 0
0.4 0 1 1 0
0.4 0 1.2 0.833333 0
0.4 0 1.4 0.714286 1.47514e-06
0.4 0 1.6 0.625 1.19209e-06
0.4 0 1.8 0.555556 0
0.4 0 2 0.5 0
0.4 0.2 0.2 1 0
0.4 0.2 0.4 1 0
0.4 0.2 0.6 1 0
0.4 0.2 0.8 1 0
0.4 0.2 1 1 0
0.4 0.2 1.2 1 0
0.4 0.2 1.4 1 0
0.4 0.2 1.6 1 0
0.4 0.2 1.8 0.994328 0.570434
0.4 0.2 2 0.96655 3.46074
0.4 0.4 0.2 1 0
0.4 0.4 0.4 1 0
0.4 0.4 0.6 1 0
0.4 0.4 0.8 1 0
0.4 0.4 1 1 0
0.4 0.4 1.2 1 0
0.4 0.4 1.4 1 0
0.4 0.4 1.6 1 0
0.4 0.4 1.8 0.994328 0.570434
0.4 0.4 2 0.96655 3.46074
0.4 0.6 0.2 1 0
0.4 0.6 0.4 1 0
0.4 0.6 0.6 1 0
0.4 0.6 0.8 1 0
0.4 0.6 1 1 0
0.4 0.6 1.2 1 0
0.4 0.6 1.4 1 0
0.4 0.6 1.6 1 0
0.4 0.6 1.8 0.994328 0.570434
0.4 0.6 2 0.96655 3.46074
0.4 0.8 0.2 1 0
0.4 0.8 0.4 1 0
0.4 0.8 0.6 1 0
0.4 0.8 0.8 1 0
0.4 0.8 1 1 0
0.4 0.8 1.2 1 0
0.4 0.8 1.4 1 0
0.4 0.8 1.6 1 0
0.4 0.8 1.8 0.994328 0.570434
0.4 0.8 2 0.96655 3.46074
0.4 1 0.2 1 0
0.4 1 0.4 1 0
0.4 1 0.6 1 0
0.4 1 0.8 1 0
0.4 1 1 1 0
0.4 1 1.2 1 0
0.4 1 1.4 1 0
0.4 1 1.6 1 0
0.4 1 1.8 0.994328 0.570434
0.4 1 2 0.96655 3.46074
0.6 0 0.2 1 0
0.6 0 0.4 1 0
0.6 0 0.6 1 0
0.6 0 0.8 1 0
0.6 0 1 1 0
0.6 0 1.2 0.833333 0
0.6 0 1.4 0.714286 1.47514e-06
0.6 0 1.6 0.625 1.19209e-06
0.6 0 1.8 0.555556 0
0.6 0 2 0.5 0
0.6 0.2 0.2 1 0
0.6 0.2 0.4 1 0
0.6 0.2 0.6 1 0
0.6 0.2 0.8 1 0
0.6 0.2 1 1 0
0.6 0.2 1.2 1 0
0.6 0.2 1.4 1 0
0.6 0.2 1.6 1 0
0.6 0.2 1.8 1 0
0.6 0.2 2 1 0
0.6 0.4 0.2 1 0
0.6 0.4 0.4 1 0
0.6 0.4 0.6 1 0
0.6 0.4 0.8 1 0
0.6 0.4 1 1 0
0.6 0.4 1.2 1 0
0.6 0.4 1.4 1 0
0.6 0.4 1.6 1 0
0.6 0.4 1.8 1 0
0.6 0.4 2 1 0
0.6 0.6 0.2 1 0
0.6 0.6 0.4 1 0
0.6 0.6 0.6 1 0
0.6 0.6 0.8 1 0
0.6 0.6 1 1 0
0.6 0.6 1.2 1 0
0.6 0.6 1.4 1 0
0.6 0.6 1.6 1 0
0.6 0.6 1.8 1 0
0.6 0.6 2 1 0
0.6 0.8 0.2 1 0
0.6 0.8 0.4 1 0
0.6 0.8 0.6 1 0
0.6 0.8 0.8 1 0
0.6 0.8 1 1 0
0.6 0.8 1.2 1 0
0.6 0.8 1.4 1 0
0.6 0.8 1.6 1 0
0.6 0.8 1.8 1 0
0.6 0.8 2 1 0
0.6 1 0.2 1 0
0.6 1 0.4 1 0
0.6 1 0.6 1 0
0.6 1 0.8 1 0
0.6 1 1 1 0
0.6 1 1.2 1 0
0.6 1 1.4 1 0
0.6 1 1.6 1 0
0.6 1 1.8 1 0
0.6 1 2 1 0
0.8 0 0.2 1 0
0.8 0 0.4 1 0
0.8 0 0.6 1 0
0.8 0 0.8 1 0
0.8 0 1 1 0
0.8 0 1.2 0.833333 0
0.8 0 1.4 0.714286 1.47514e-06
0.8 0 1.6 0.625 1.19209e-06
0.8 0 1.8 0.555556 0
0.8 0 2 0.5 0
0.8 0.2 0.2 1 0
0.8 0.2 0.4 1 0
0.8 0.2 0.6 1 0
0.8 0.2 0.8 1 0
0.8 0.2 1 1 0
0.8 0.2 1.2 1 0
0.8 0.2 1.4 1 0
0.8 0.2 1.6 1 0
0.8 0.2 1.8 1 0
0.8 0.2 2 1 0
0.8 0.4 0.2 1 0
0.8 0.4 0.4 1 0
0.8 0.4 0.6 1 0
0.8 0.4 0.8 1 0
0.8 0.4 1 1 0
0.8 0.4 1.2 1 0
0.8 0.4 1.4 1 0
0.8 0.4 1.6 1 0
0.8 0.4 1.8 1 0
0.8 0.4 2 1 0
0.8 0.6 0.2 1 0
0.8 0.6 0.4 1 0
0.8 0.6 0.6 1 0
0.8 0.6 0.8 1 0
0.8 0.6 1 1 0
0.8 0.6 1.2 1 0
0.8 0.6 1.4 1 0
0.8 0.6 1.6 1 0
0.8 0.6 1.8 1 0
0.8 0.6 2 1 0
0.8 0.8 0.2 1 0
0.8 0.8 0.4 1 0
0.8 0.8 0.6 1 0
0.8 0.8 0.8 1 0
0.8 0.8 1 1 0
0.8 0.8 1.2 1 0
0.8 0.8 1.4 1 0
0.8 0.8 1.6 1 0
0.8 0.8 1.8 1 0
0.8 0.8 2 1 0
0.8 1 0.2 1 0
0.8 1 0.4 1 0
0.8 1 0.6 1 0
0.8 1 0.8 1 0
0.8 1 1 1 0
0.8 1 1.2 1 0
0.8 1 1.4 1 0
0.8 1 1.6 1 0
0.8 1 1.8 1 0
0.8 1 2 1 0
1 0 0.2 1 0
1 0 0.4 1 0
1 0 0.6 1 0
1 0 0.8 1 0
1 0 1 1 0
1 0 1.2 0.833333 0
1 0 1.4 0.714286 1.47514e-06
1 0 1.6 0.625 1.19209e-06
1 0 1.8 0.555556 0
1 0 2 0.5 0
1 0.2 0.2 1 0
1 0.2 0.4 1 0
1 0.2 0.6 1 0
1 0.2 0.8 1 0
1 0.2 1 1 0
1 0.2 1.2 1 0
1 0.2 1.4 1 0
1 0.2 1.6 1 0
1 0.2 1.8 1 0
1 0.2 2 1 0
1 0.4 0.2 1 0
1 0.4 0.4 1 0
1 0.4 0.6 1 0
1 0.4 0.8 1 0
1 0.4 1 1 0
1 0.4 1.2 1 0
1 0.4 1.4 1 0
1 0.4 1.6 1 0
1 0.4 1.8 1 0
1 0.4 2 1 0
1 0.6 0.2 1 0
1 0.6 0.4 1 0
1 0.6 0.6 1 0
1 0.6 0.8 1 0
1 0.6 1 1 0
1 0.6 1.2 1 0
1 0.6 1.4 1 0
1 0.6 1.6 1 0
1 0.6 1.8 1 0
1 0.6 2 1 0
1 0.8 0.2 1 0
1 0.8 0.4 1 0
1 0.8 0.6 1 0
1 0.8 0.8 1 0
1 0.8 1 1 0
1 0.8 1.2 1 0
1 0.8 1.4 1 0
1 0.8 1.6 1 0
1 0.8 1.8 1 0
1 0.8 2 1 0
1 1 0.2 1 0
1 1 0.4 1 0
1 1 0.6 1 0
1 1 0.8 1 0
1 1 1 1 0
1 1 1.2 1 0
1 1 1.4 1 0
1 1 1.6 1 0
1 1 1.8 1 0
1 1 2 1 0
